year,week_num,day_of_week,kickoff_time,temperature,wind_speed,first_down_off,rush_attempts,rush_yds_off,fumbles_lost,completed_passes,pass_attempts,pass_yds_off,interceptions_thrown,sack_yds_off,penalty_yds_against,plays_run_off,avg_ko_return,avg_punt_return,avg_punt_dist,first_down_def,rushes_defended,rush_yds_def,fumbles_forced,completions_allowed,passes_defended,pass_yds_def,interceptions_caught,sack_yds_def,penalty_yds_for,plays_defended,avg_ko_return_against,avg_punt_return_against,avg_punt_dist_against,result
1970,2,Sun,2:00PM ET,47,13,10.0,26.5,68.0,1.5,11.0,23.5,180.0,1.5,19.0,26.0,52.0,17.0,0.0,37.36666666666667,19.0,37.0,189.0,1.5,20.0,33.0,221.5,1.5,19.5,39.0,73.0,21.75,15.5,41.5,W
1970,3,Sun,4:00PM ET,49,11,9.666666666666666,30.666666666666668,92.33333333333333,1.3333333333333333,10.0,20.666666666666668,143.0,1.3333333333333333,25.0,41.333333333333336,53.666666666666664,31.5,2.888888888888889,39.318518518518516,17.0,31.666666666666668,145.0,1.3333333333333333,19.666666666666668,34.666666666666664,213.66666666666666,1.6666666666666667,26.0,53.0,70.33333333333333,22.0,12.555555555555555,41.958333333333336,W
1970,4,Mon,9:00PM ET,68,8,12.0,33.25,119.25,1.25,12.0,21.5,151.25,1.25,27.5,55.5,57.5,28.225,2.1666666666666665,41.07222222222222,16.25,31.5,163.0,1.25,16.5,31.75,184.0,2.25,33.25,49.0,67.75,22.0,12.166666666666666,43.21875,W
1970,5,Sun,2:00PM ET,46,9,13.4,32.4,122.8,1.2,12.8,23.0,162.6,1.4,27.2,47.4,58.2,26.580000000000002,3.0,41.85777777777778,16.6,31.6,158.8,1.0,15.4,30.4,177.0,1.8,29.4,58.6,66.0,25.666666666666668,13.633333333333331,42.80357142857143,L
1970,6,Sun,2:00PM ET,54,10,13.666666666666666,32.333333333333336,123.5,1.5,12.166666666666666,22.5,159.16666666666666,1.1666666666666667,27.333333333333332,47.166666666666664,57.666666666666664,25.858333333333334,2.5,41.29814814814815,16.333333333333332,32.5,157.0,1.1666666666666667,15.0,29.833333333333332,176.83333333333334,2.0,26.666666666666668,54.666666666666664,65.83333333333333,26.48888888888889,12.861111111111109,41.87797619047619,W
1970,7,Sun,4:00PM ET,58,8,13.857142857142858,32.285714285714285,130.57142857142858,1.5714285714285714,11.571428571428571,23.0,158.57142857142858,1.5714285714285714,26.285714285714285,49.0,58.0,26.402380952380952,2.619047619047619,40.82698412698413,15.428571428571429,32.285714285714285,152.57142857142858,1.4285714285714286,14.428571428571429,28.571428571428573,173.42857142857142,1.7142857142857142,25.857142857142858,57.285714285714285,64.14285714285714,26.323809523809523,12.07142857142857,41.589285714285715,L
1970,8,Mon,9:00PM ET,50,14,14.125,32.875,130.5,1.375,11.375,23.0,150.75,1.875,24.0,48.375,58.375,26.820833333333333,2.4166666666666665,41.765277777777776,15.25,32.75,149.375,1.375,13.875,27.25,174.125,1.625,24.625,58.75,63.125,24.72083333333333,10.624999999999998,41.890625,L
1970,9,Sun,2:00PM ET,29,14,14.555555555555555,32.888888888888886,129.66666666666666,1.2222222222222223,12.666666666666666,24.333333333333332,158.44444444444446,1.7777777777777777,24.0,49.111111111111114,59.888888888888886,25.914814814814815,2.759259259259259,41.48271604938272,14.88888888888889,32.22222222222222,145.0,1.2222222222222223,13.333333333333334,27.11111111111111,177.11111111111111,1.4444444444444444,25.11111111111111,54.22222222222222,62.333333333333336,23.61296296296296,9.755555555555553,41.69444444444444,W
1970,10,Sun,2:00PM ET,24,23,14.6,33.3,129.1,1.2,12.8,24.7,159.5,1.7,22.7,49.3,60.5,24.756666666666668,3.383333333333333,40.70944444444444,14.5,32.8,140.3,1.1,12.8,26.0,171.6,1.3,24.4,52.5,61.7,22.851666666666667,8.779999999999998,41.225,L
1970,11,Thu,3:30PM ET,65,20,14.090909090909092,32.81818181818182,124.45454545454545,1.0909090909090908,12.454545454545455,24.363636363636363,152.54545454545453,1.6363636363636365,23.545454545454547,50.90909090909091,59.81818181818182,24.415151515151514,3.348484848484848,41.37222222222222,14.545454545454545,33.36363636363637,141.27272727272728,1.0,12.727272727272727,25.454545454545453,174.27272727272728,1.1818181818181819,22.181818181818183,53.54545454545455,61.45454545454545,22.228787878787877,9.709090909090907,39.95454545454545,L
1970,12,Sun,1:00PM ET,23,22,14.083333333333334,32.833333333333336,120.91666666666667,1.1666666666666667,12.583333333333334,25.0,159.41666666666666,1.6666666666666667,21.583333333333332,47.916666666666664,60.25,25.29722222222222,3.2361111111111107,41.021759259259255,14.416666666666666,33.333333333333336,140.41666666666666,1.0,12.333333333333334,26.166666666666668,171.66666666666666,1.5,20.333333333333332,50.666666666666664,61.916666666666664,22.168055555555554,9.024999999999999,40.208333333333336,W
1970,13,Sun,2:00PM ET,32,11,14.23076923076923,33.0,119.15384615384616,1.1538461538461537,12.461538461538462,24.923076923076923,159.53846153846155,1.6153846153846154,26.0,47.76923076923077,60.84615384615385,24.674358974358974,2.987179487179487,40.960256410256406,14.846153846153847,32.38461538461539,133.69230769230768,1.0769230769230769,13.076923076923077,26.923076923076923,184.69230769230768,1.4615384615384615,18.923076923076923,52.76923076923077,61.61538461538461,22.0525641025641,8.458974358974357,39.78846153846154,L
1970,14,Sun,1:00PM ET,30,16,13.857142857142858,32.357142857142854,113.92857142857143,1.2142857142857142,12.642857142857142,25.071428571428573,156.85714285714286,1.7142857142857142,27.285714285714285,49.357142857142854,60.5,24.23333333333333,2.7738095238095233,40.80436507936508,14.428571428571429,32.357142857142854,130.64285714285714,1.2142857142857142,12.642857142857142,26.357142857142858,178.28571428571428,1.4285714285714286,19.285714285714285,49.0,61.0,25.76309523809524,9.045238095238094,40.125,L
1971,2,Sun,1:00PM ET,56,12,16.0,35.0,169.0,2.5,10.0,22.5,162.5,2.0,6.0,50.5,58.0,25.5625,5.333333333333333,36.25,15.5,29.0,91.5,0.5,18.0,31.0,245.5,3.5,12.0,39.5,61.5,24.7,7.75,34.9,W
1971,3,Sun,2:00PM ET,70,12,16.666666666666668,40.0,198.0,2.0,8.0,19.0,133.33333333333334,2.0,8.333333333333334,45.333333333333336,59.666666666666664,36.208333333333336,4.638888888888888,35.916666666666664,13.666666666666666,27.333333333333332,91.0,0.6666666666666666,15.666666666666666,28.333333333333332,200.66666666666666,2.6666666666666665,15.666666666666666,41.0,57.666666666666664,23.46666666666667,5.166666666666667,37.6,W
1971,4,Sun,2:00PM ET,50,9,16.0,36.0,180.0,1.5,8.75,19.0,134.25,2.0,6.25,43.25,55.5,32.98958333333333,5.729166666666666,37.4375,16.75,30.75,112.75,1.25,16.25,28.5,226.0,2.25,15.5,54.25,61.0,21.9125,7.458333333333334,40.2,L
1971,5,Sun,4:00PM ET,55,10,16.6,36.2,168.2,1.6,9.4,20.2,153.4,2.2,6.8,38.6,57.0,29.791666666666664,6.333333333333333,39.19,16.8,30.2,109.8,1.0,16.4,29.4,217.2,2.0,14.4,47.4,61.2,23.663333333333334,7.7666666666666675,41.10285714285715,L
1971,6,Sun,4:00PM ET,61,12,16.166666666666668,34.666666666666664,155.66666666666666,1.5,9.666666666666666,21.166666666666668,153.0,2.3333333333333335,6.833333333333333,38.166666666666664,56.5,28.88194444444444,5.611111111111111,38.49166666666667,17.333333333333332,31.833333333333332,118.83333333333333,0.8333333333333334,15.666666666666666,28.333333333333332,210.16666666666666,1.8333333333333333,13.333333333333334,43.833333333333336,61.666666666666664,25.497222222222224,7.638888888888889,42.169047619047625,L
1971,7,Mon,9:00PM ET,41,11,15.714285714285714,35.42857142857143,164.57142857142858,1.4285714285714286,8.428571428571429,18.857142857142858,132.42857142857142,2.0,7.142857142857143,45.285714285714285,55.0,28.327380952380945,4.809523809523809,39.707142857142856,17.428571428571427,34.142857142857146,129.0,1.1428571428571428,14.285714285714286,26.285714285714285,194.57142857142858,1.7142857142857142,11.428571428571429,40.142857142857146,61.714285714285715,26.807142857142857,6.547619047619048,42.85918367346939,T
1971,8,Sun,2:00PM ET,27,16,15.375,36.375,165.375,1.375,8.25,18.25,132.5,1.875,6.25,45.0,55.25,30.09895833333333,5.083333333333333,38.99375,17.25,32.625,122.25,1.125,14.875,27.75,195.875,1.875,10.0,38.875,61.5,26.14375,5.791666666666667,42.09553571428572,W
1971,9,Sun,2:00PM ET,45,19,15.333333333333334,38.333333333333336,174.22222222222223,1.3333333333333333,8.0,17.444444444444443,125.0,2.0,6.555555555555555,41.666666666666664,56.44444444444444,30.532407407407405,4.657407407407407,38.83888888888889,15.88888888888889,32.44444444444444,116.0,1.1111111111111112,13.777777777777779,25.88888888888889,178.77777777777777,1.6666666666666667,11.222222222222221,36.22222222222222,59.666666666666664,28.46111111111111,5.481481481481482,41.887389770723104,L
1971,10,Mon,9:00PM ET,36,12,14.5,36.5,167.1,1.2,7.5,16.5,119.7,1.9,9.1,42.8,54.1,29.21916666666666,4.491666666666666,39.17166666666667,17.0,34.7,124.8,1.2,14.0,25.4,180.0,1.5,11.0,38.6,61.4,28.754999999999995,5.483333333333333,41.2236507936508,L
1971,11,Sun,2:00PM ET,30,9,14.545454545454545,35.63636363636363,160.54545454545453,1.4545454545454546,7.818181818181818,17.272727272727273,124.9090909090909,1.9090909090909092,9.181818181818182,42.63636363636363,54.0,29.99924242424242,4.71969696969697,38.906060606060606,17.09090909090909,36.09090909090909,128.27272727272728,1.0909090909090908,13.727272727272727,25.363636363636363,173.72727272727272,1.3636363636363635,10.090909090909092,41.54545454545455,62.72727272727273,27.16363636363636,5.53030303030303,40.91240981240981,L
1971,12,Sun,4:00PM ET,40,6,14.916666666666666,35.583333333333336,164.75,1.4166666666666667,8.416666666666666,18.166666666666668,127.83333333333333,1.9166666666666667,9.583333333333334,41.166666666666664,54.833333333333336,29.582638888888884,4.076388888888888,39.19166666666667,16.666666666666668,35.75,124.25,1.0833333333333333,13.5,25.25,178.91666666666666,1.25,10.166666666666666,39.916666666666664,62.25,25.98333333333333,5.861111111111112,41.00304232804233,T
1971,13,Sun,2:00PM ET,29,12,14.923076923076923,36.15384615384615,160.92307692307693,1.3846153846153846,8.307692307692308,17.846153846153847,132.0,1.8461538461538463,9.0,40.69230769230769,55.07692307692308,29.17884615384615,4.301282051282051,39.176923076923075,16.384615384615383,34.84615384615385,119.38461538461539,1.1538461538461537,13.307692307692308,25.53846153846154,180.53846153846155,1.2307692307692308,10.461538461538462,38.0,61.61538461538461,25.061538461538458,5.910256410256411,40.75921855921857,W
1971,14,Sun,1:00PM ET,73,20,14.857142857142858,35.714285714285715,159.21428571428572,1.4285714285714286,8.642857142857142,18.142857142857142,131.57142857142858,1.7142857142857142,11.214285714285714,40.57142857142857,55.142857142857146,28.558928571428567,4.470238095238095,39.699999999999996,16.428571428571427,34.92857142857143,121.92857142857143,1.1428571428571428,13.285714285714286,25.214285714285715,176.35714285714286,1.1428571428571428,12.0,36.714285714285715,61.5,23.807142857142853,6.0357142857142865,40.82998866213153,L
1972,2,Sun,2:00PM ET,61,10,15.0,42.0,144.0,1.5,6.0,15.0,112.5,0.0,8.0,51.0,58.0,23.416666666666664,3.75,43.78333333333333,17.0,34.5,129.0,1.0,11.0,27.0,137.5,1.5,16.0,70.5,63.0,24.25,5.833333333333333,45.73214285714286,L
1972,3,Sun,2:00PM ET,54,15,13.666666666666666,41.333333333333336,137.33333333333334,1.0,5.333333333333333,16.0,92.66666666666667,0.0,8.333333333333334,35.666666666666664,58.333333333333336,24.388888888888886,2.5,45.18888888888889,16.666666666666668,33.666666666666664,132.0,1.3333333333333333,12.666666666666666,27.666666666666668,148.0,2.0,23.333333333333332,53.333333333333336,63.666666666666664,22.0,5.355555555555555,42.88809523809524,W
1972,4,Sun,2:00PM ET,52,17,14.5,38.75,128.25,1.25,7.75,19.5,129.5,0.0,6.25,43.75,59.0,24.916666666666664,1.625,42.391666666666666,15.75,36.5,133.75,1.25,11.25,24.5,140.75,1.5,17.5,46.25,62.75,23.25,4.266666666666667,43.27321428571429,W
1972,5,Mon,9:00PM ET,47,15,14.8,38.0,127.6,1.2,8.4,19.2,133.4,0.2,6.8,40.2,58.0,23.599999999999998,17.3,39.71333333333333,16.2,36.4,136.2,1.0,10.8,23.4,133.6,1.6,18.4,41.2,61.8,22.3,4.013333333333334,43.81857142857143,W
1972,6,Sun,2:00PM ET,49,8,14.0,36.5,125.0,1.3333333333333333,8.0,18.5,129.16666666666666,0.16666666666666666,6.5,41.166666666666664,55.833333333333336,23.0,14.416666666666666,40.37222222222222,16.666666666666668,37.833333333333336,131.33333333333334,1.0,11.333333333333334,23.666666666666668,135.16666666666666,1.3333333333333333,16.333333333333332,40.833333333333336,63.333333333333336,21.416666666666668,4.844444444444444,41.18214285714286,L
1972,7,Sun,2:00PM ET,37,11,13.714285714285714,35.857142857142854,121.71428571428571,1.1428571428571428,8.142857142857142,19.0,129.28571428571428,0.7142857142857143,5.571428571428571,38.142857142857146,55.57142857142857,22.428571428571427,13.5,39.99761904761905,16.428571428571427,37.714285714285715,134.28571428571428,1.2857142857142858,11.571428571428571,23.428571428571427,143.28571428571428,1.1428571428571428,14.0,38.57142857142857,62.714285714285715,21.357142857142858,4.866666666666666,41.477551020408164,L
1972,8,Sun,2:00PM ET,42,13,13.625,36.5,131.125,1.0,7.875,18.625,132.0,0.625,6.125,39.75,55.875,22.5,13.9375,40.41458333333333,16.375,35.375,120.125,1.375,12.5,25.125,164.75,1.125,13.375,39.375,62.0,21.1125,5.472619047619047,41.4,W
1972,9,Sun,2:00PM ET,43,3,13.0,36.22222222222222,130.22222222222223,0.8888888888888888,7.444444444444445,17.666666666666668,122.55555555555556,0.7777777777777778,6.222222222222222,42.0,54.666666666666664,24.703703703703706,13.5,41.279629629629625,16.666666666666668,35.888888888888886,126.66666666666667,1.4444444444444444,12.333333333333334,25.0,161.88888888888889,1.1111111111111112,14.333333333333334,38.333333333333336,62.666666666666664,21.211111111111112,5.197883597883598,42.077777777777776,W
1972,10,Sun,2:00PM ET,70,0,13.1,36.6,138.2,0.8,7.3,17.2,121.2,0.7,6.5,44.1,54.6,23.933333333333334,17.15,41.76833333333333,16.6,35.5,125.4,1.3,12.4,25.2,161.8,1.0,16.4,36.0,62.6,21.34,6.778095238095238,42.41,W
1972,11,Sun,1:00PM ET,44,10,13.0,36.45454545454545,136.54545454545453,0.7272727272727273,7.2727272727272725,17.545454545454547,117.9090909090909,0.7272727272727273,7.545454545454546,41.90909090909091,54.90909090909091,24.053030303030308,15.863636363636363,42.57727272727272,16.545454545454547,35.45454545454545,126.0,1.2727272727272727,12.545454545454545,24.818181818181817,161.45454545454547,0.9090909090909091,15.727272727272727,35.90909090909091,62.09090909090909,21.945454545454545,6.767965367965369,41.76666666666666,L
1972,12,Sun,2:00PM ET,13,12,13.5,38.0,144.58333333333334,0.75,7.333333333333333,17.333333333333332,115.58333333333333,0.6666666666666666,8.083333333333334,42.583333333333336,56.333333333333336,23.965277777777782,15.319444444444445,41.945833333333326,15.666666666666666,33.416666666666664,117.75,1.4166666666666667,12.416666666666666,24.583333333333332,162.41666666666666,1.0833333333333333,15.333333333333334,34.583333333333336,59.75,21.604761904761904,6.203968253968255,41.636111111111106,W
1972,13,Sun,2:00PM ET,-2,11,13.846153846153847,38.53846153846154,149.92307692307693,0.7692307692307693,7.3076923076923075,17.076923076923077,112.38461538461539,0.6923076923076923,8.846153846153847,45.0,56.76923076923077,23.160256410256412,15.602564102564104,41.71923076923076,15.153846153846153,32.46153846153846,112.84615384615384,1.3846153846153846,12.307692307692308,24.307692307692307,159.0,1.2307692307692308,16.307692307692307,34.23076923076923,58.69230769230769,20.75824175824176,5.919047619047619,41.74102564102563,W
1972,14,Sun,2:00PM ET,39,14,13.928571428571429,38.857142857142854,151.92857142857142,0.7142857142857143,7.214285714285714,16.928571428571427,109.71428571428571,0.6428571428571429,8.857142857142858,43.57142857142857,57.0,23.434523809523814,14.940476190476192,39.78690476190475,14.928571428571429,31.642857142857142,108.35714285714286,1.3571428571428572,12.428571428571429,24.285714285714285,157.78571428571428,1.2142857142857142,18.0,31.857142857142858,58.0,21.218367346938777,5.853401360544218,41.34523809523809,W
1973,2,Sun,2:00PM ET,50,9,15.5,44.0,165.5,1.0,7.5,17.0,125.0,0.0,25.5,47.5,63.5,9.75,1.5833333333333333,46.0,14.0,27.0,89.5,1.0,13.0,26.5,163.0,2.0,22.0,44.5,55.5,16.125,7.3,38.7,T
1973,3,Sun,2:00PM ET,56,10,13.666666666666666,39.333333333333336,140.33333333333334,1.0,7.333333333333333,18.0,110.0,0.3333333333333333,20.333333333333332,49.0,59.333333333333336,14.416666666666666,2.2777777777777777,45.53333333333333,15.0,32.333333333333336,128.33333333333334,1.6666666666666667,12.666666666666666,23.0,145.0,1.6666666666666667,25.0,40.666666666666664,57.666666666666664,20.527777777777775,7.066666666666666,39.86666666666667,L
1973,4,Sun,1:00PM ET,58,5,13.0,38.75,136.5,0.75,7.25,16.25,103.0,0.75,17.0,46.75,57.0,16.229166666666668,5.083333333333333,45.4625,14.5,30.5,110.5,1.75,14.75,24.25,154.0,1.75,20.5,35.5,56.75,21.0625,5.8,39.7,W
1973,5,Sun,2:00PM ET,58,15,13.6,39.2,143.0,0.6,8.2,17.6,113.0,1.0,15.0,41.4,58.6,18.183333333333334,4.966666666666667,44.10333333333333,13.4,31.0,107.6,1.4,13.8,23.2,136.6,1.6,19.2,37.6,56.2,20.45,5.04,40.01714285714286,T
1973,6,Sun,4:00PM ET,62,8,12.333333333333334,36.833333333333336,125.0,0.6666666666666666,7.666666666666667,16.666666666666668,106.0,1.0,19.666666666666668,36.333333333333336,55.666666666666664,18.208333333333332,4.388888888888888,43.61388888888888,14.666666666666666,34.166666666666664,130.33333333333334,1.3333333333333333,13.166666666666666,22.5,137.83333333333334,1.3333333333333333,17.666666666666668,37.333333333333336,58.5,19.98611111111111,5.2555555555555555,40.958730158730155,L
1973,7,Sun,1:00PM ET,52,15,11.571428571428571,35.142857142857146,115.71428571428571,0.8571428571428571,7.428571428571429,17.0,95.0,1.0,20.571428571428573,36.42857142857143,54.285714285714285,18.70918367346939,5.142857142857143,43.383333333333326,15.857142857142858,37.285714285714285,149.28571428571428,1.2857142857142858,12.285714285714286,21.0,130.14285714285714,1.2857142857142858,17.714285714285715,40.142857142857146,60.142857142857146,19.8452380952381,5.733333333333333,42.25034013605442,L
1973,8,Sun,2:00PM ET,31,9,11.125,34.75,115.0,0.75,6.875,16.875,85.25,1.0,21.625,42.0,54.0,20.308035714285715,5.333333333333333,43.26398809523809,16.5,39.125,159.375,1.5,12.0,20.25,128.625,1.125,16.875,43.375,61.125,19.864583333333336,6.870833333333334,42.000297619047615,L
1973,9,Sun,2:00PM ET,34,12,12.222222222222221,36.666666666666664,129.22222222222223,0.7777777777777778,6.888888888888889,16.555555555555557,83.22222222222223,0.8888888888888888,19.77777777777778,43.77777777777778,55.44444444444444,20.42195767195767,4.7407407407407405,42.4568783068783,16.77777777777778,36.888888888888886,149.55555555555554,1.4444444444444444,12.777777777777779,21.333333333333332,136.33333333333334,1.0,16.22222222222222,42.333333333333336,59.888888888888886,20.301851851851854,6.32962962962963,39.592857142857135,W
1973,10,Sun,1:00PM ET,43,18,12.5,36.0,123.8,0.8,7.9,17.2,101.6,0.9,18.2,43.0,55.3,20.829761904761902,4.266666666666667,41.961190476190474,17.4,36.5,146.2,1.4,13.3,22.4,157.5,1.0,15.4,39.6,60.5,21.07166666666667,6.7299999999999995,39.183571428571426,L
1973,11,Mon,9:00PM ET,50,13,12.818181818181818,36.0,124.45454545454545,0.7272727272727273,8.454545454545455,18.0,105.72727272727273,1.0909090909090908,18.636363636363637,47.45454545454545,56.27272727272727,21.004329004329005,3.833333333333333,42.20108225108225,17.454545454545453,36.72727272727273,148.72727272727272,1.3636363636363635,12.909090909090908,22.272727272727273,151.72727272727272,0.9090909090909091,14.0,39.36363636363637,60.45454545454545,20.792424242424246,6.118181818181818,39.548701298701296,L
1973,12,Sun,2:00PM ET,36,12,12.833333333333334,36.5,126.91666666666667,0.8333333333333334,8.5,17.583333333333332,106.0,1.0,17.416666666666668,46.75,56.25,20.53174603174603,4.472222222222222,42.628769841269836,17.333333333333332,36.083333333333336,144.66666666666666,1.3333333333333333,13.333333333333334,23.416666666666668,154.08333333333334,1.1666666666666667,14.833333333333334,36.5,61.083333333333336,20.83055555555556,5.941666666666666,39.55297619047619,W
1973,13,Sat,1:00PM ET,26,16,13.153846153846153,36.46153846153846,128.84615384615384,0.8461538461538461,8.923076923076923,18.692307692307693,110.07692307692308,1.2307692307692308,16.923076923076923,46.0,57.23076923076923,20.721611721611723,4.089743589743589,41.82655677655677,16.76923076923077,36.15384615384615,144.15384615384616,1.2307692307692308,13.076923076923077,23.076923076923077,149.23076923076923,1.0769230769230769,14.307692307692308,34.46153846153846,60.76923076923077,19.882051282051286,5.561538461538461,39.30851648351648,L
1973,14,Sun,2:00PM ET,25,13,13.357142857142858,37.642857142857146,140.92857142857142,0.8571428571428571,8.5,18.214285714285715,107.35714285714286,1.2142857142857142,15.714285714285714,46.642857142857146,57.785714285714285,19.241496598639458,3.7976190476190474,41.002210884353744,16.428571428571427,36.142857142857146,142.78571428571428,1.2857142857142858,12.857142857142858,23.357142857142858,146.42857142857142,1.0714285714285714,16.285714285714285,34.5,61.285714285714285,19.604761904761908,5.164285714285714,38.99183673469388,W
1974,2,Sun,2:00PM ET,61,9,12.5,38.0,90.0,1.0,9.5,18.0,105.5,2.0,3.5,53.0,56.5,18.232142857142858,8.333333333333332,37.21666666666667,19.5,37.5,149.0,0.5,14.5,29.5,138.0,2.5,15.0,48.5,68.5,22.725,7.3,36.6,W
1974,3,Sun,2:00PM ET,53,20,14.666666666666666,36.0,111.33333333333333,1.3333333333333333,12.333333333333334,24.666666666666668,137.0,1.6666666666666667,2.3333333333333335,42.0,61.0,19.773809523809522,7.888888888888888,39.25555555555556,16.666666666666668,33.666666666666664,123.0,0.3333333333333333,15.333333333333334,30.0,171.0,1.6666666666666667,16.0,44.0,65.33333333333333,21.983333333333334,7.2,34.352380952380955,W
1974,4,Sun,2:00PM ET,48,15,15.5,33.25,108.5,1.25,13.5,26.25,138.0,1.75,4.25,44.25,60.0,20.68035714285714,6.416666666666666,37.56666666666667,18.0,35.5,129.25,0.5,14.75,26.5,172.0,1.5,16.5,51.25,63.75,19.8625,6.483333333333333,34.63928571428572,L
1974,5,Sun,4:00PM ET,49,16,14.4,35.4,115.4,1.0,11.2,22.8,113.8,1.6,7.0,43.0,59.2,20.544285714285714,10.266666666666666,37.99619047619048,17.6,36.8,134.8,0.6,13.6,26.8,159.4,2.0,16.2,43.0,65.4,20.69,6.986666666666667,34.67142857142858,W
1974,6,Mon,9:00PM ET,39,13,14.666666666666666,35.0,111.33333333333333,0.8333333333333334,11.666666666666666,24.333333333333332,118.16666666666667,1.6666666666666667,5.833333333333333,39.166666666666664,60.166666666666664,20.953571428571426,8.638888888888888,37.60793650793651,16.833333333333332,37.5,138.83333333333334,0.5,12.5,25.0,147.0,2.0,13.5,42.5,64.0,20.658333333333335,6.322222222222223,33.29285714285715,L
1974,7,Sun,1:00PM ET,48,10,15.714285714285714,35.0,109.28571428571429,0.8571428571428571,12.428571428571429,25.142857142857142,135.14285714285714,1.5714285714285714,8.0,37.142857142857146,61.285714285714285,20.99591836734694,8.204761904761904,37.90884353741497,17.0,35.714285714285715,135.42857142857142,0.5714285714285714,13.285714285714286,26.142857142857142,164.85714285714286,1.7142857142857142,14.857142857142858,53.57142857142857,63.57142857142857,20.849999999999998,7.276190476190477,34.61836734693878,L
1974,8,Sun,2:00PM ET,40,12,15.625,34.375,107.625,0.75,13.0,26.375,139.0,1.75,8.0,36.25,61.875,22.079761904761902,8.095833333333333,38.20595238095238,16.625,35.75,131.0,0.5,13.375,25.875,164.125,1.75,15.75,52.5,63.5,20.36875,7.316666666666667,35.14821428571429,L
1974,9,Sun,2:00PM ET,46,9,14.88888888888889,34.888888888888886,106.33333333333333,0.8888888888888888,12.555555555555555,25.666666666666668,136.77777777777777,1.6666666666666667,7.111111111111111,38.111111111111114,61.55555555555556,21.237566137566134,12.474074074074075,37.96084656084656,16.555555555555557,34.333333333333336,126.0,0.8888888888888888,13.88888888888889,26.77777777777778,169.11111111111111,1.6666666666666667,20.666666666666668,49.0,63.22222222222222,20.17222222222222,6.55925925925926,35.92539682539683,W
1974,10,Sun,2:00PM ET,33,8,15.4,36.6,115.9,0.9,12.3,25.0,143.0,1.5,7.2,37.6,62.7,21.31380952380952,11.851666666666667,38.46476190476191,16.3,32.9,120.8,0.9,14.0,27.2,174.4,1.6,19.8,50.0,62.2,20.255,6.503333333333333,35.61619047619048,W
1974,11,Sun,2:00PM ET,35,15,15.363636363636363,35.90909090909091,112.0,0.8181818181818182,12.727272727272727,25.09090909090909,151.27272727272728,1.4545454545454546,7.454545454545454,37.36363636363637,62.09090909090909,23.467099567099567,11.556060606060605,38.24069264069264,16.0,32.72727272727273,119.72727272727273,0.9090909090909091,13.545454545454545,27.272727272727273,168.72727272727272,1.6363636363636365,20.545454545454547,51.0,62.27272727272727,20.465584415584416,6.093939393939394,36.547186147186146,W
1974,12,Sun,1:00PM ET,40,22,15.5,35.333333333333336,109.41666666666667,1.1666666666666667,13.0,26.416666666666668,158.41666666666666,1.4166666666666667,8.166666666666666,35.5,62.916666666666664,22.861507936507934,10.843055555555557,38.33730158730159,15.916666666666666,33.0,117.41666666666667,0.8333333333333334,13.75,27.666666666666668,166.16666666666666,1.5833333333333333,20.166666666666668,52.833333333333336,62.916666666666664,20.051785714285714,6.461111111111111,36.353439153439155,L
1974,13,Sun,4:00PM ET,50,11,15.384615384615385,34.76923076923077,111.23076923076923,1.1538461538461537,13.23076923076923,26.692307692307693,155.69230769230768,1.4615384615384615,9.692307692307692,38.53846153846154,62.76923076923077,22.449084249084247,10.573076923076924,38.484432234432234,16.0,32.84615384615385,116.3076923076923,0.8461538461538461,13.923076923076923,27.923076923076923,168.15384615384616,1.5384615384615385,19.53846153846154,52.07692307692308,62.92307692307692,20.74010989010989,7.733333333333333,35.60317460317461,L
1974,14,Sun,1:00PM ET,42,18,15.285714285714286,34.42857142857143,112.21428571428571,1.1428571428571428,13.357142857142858,27.5,154.42857142857142,1.5,9.0,38.285714285714285,63.142857142857146,22.226530612244893,10.41309523809524,38.48554421768707,15.571428571428571,33.214285714285715,117.21428571428571,0.8571428571428571,13.428571428571429,27.357142857142858,161.0,1.6428571428571428,18.142857142857142,51.07142857142857,62.57142857142857,20.687244897959182,7.966666666666667,36.100907029478456,L
1975,2,Mon,9:00PM ET,57,11,18.5,29.0,82.0,1.0,18.0,34.5,220.0,2.0,37.0,37.5,68.5,19.871428571428574,1.5,27.69047619047619,14.0,39.0,139.5,1.5,11.0,17.5,163.5,0.5,19.5,25.5,59.0,9.875,5.583333333333334,32.1,L
1975,3,Sun,2:00PM ET,56,17,15.666666666666666,27.0,89.33333333333333,0.6666666666666666,16.333333333333332,29.333333333333332,187.66666666666666,1.3333333333333333,32.0,40.0,60.333333333333336,21.358730158730157,1.6666666666666667,28.660317460317458,17.666666666666668,45.333333333333336,186.66666666666666,1.0,9.666666666666666,16.0,153.33333333333334,0.3333333333333333,13.0,32.0,63.0,6.583333333333333,6.055555555555556,34.9,L
1975,4,Sun,2:00PM ET,70,0,13.75,27.0,91.5,1.25,15.0,27.0,157.25,1.0,24.75,45.25,57.25,25.83154761904762,6.416666666666667,32.18273809523809,19.75,45.25,195.75,1.5,11.5,21.75,162.25,0.25,14.75,44.0,68.75,10.0,8.191666666666666,37.525,L
1975,5,Sun,2:00PM ET,61,13,13.8,28.0,101.6,1.2,15.0,27.2,160.6,1.2,24.8,45.6,58.4,27.965238095238096,5.733333333333333,34.66047619047619,19.8,43.8,197.8,2.0,12.4,23.6,170.0,0.4,18.4,42.0,69.6,12.52,7.753333333333333,38.379999999999995,W
1975,6,Sun,2:00PM ET,44,13,13.333333333333334,26.833333333333332,95.16666666666667,1.1666666666666667,14.833333333333334,26.333333333333332,155.16666666666666,1.1666666666666667,25.666666666666668,38.833333333333336,56.5,28.137698412698413,6.777777777777779,35.300396825396824,20.333333333333332,46.333333333333336,206.16666666666666,2.1666666666666665,12.333333333333334,23.5,155.66666666666666,0.3333333333333333,15.333333333333334,43.666666666666664,71.66666666666667,19.599999999999998,7.683333333333334,39.4,L
1975,7,Sun,2:00PM ET,44,9,13.571428571428571,27.285714285714285,100.42857142857143,1.0,14.714285714285714,25.571428571428573,153.42857142857142,1.4285714285714286,26.285714285714285,36.142857142857146,56.142857142857146,26.746598639455783,5.80952380952381,34.25748299319728,20.714285714285715,45.0,191.14285714285714,2.0,14.0,24.428571428571427,174.14285714285714,0.42857142857142855,15.857142857142858,41.714285714285715,71.28571428571429,19.442857142857143,6.728571428571429,39.05714285714286,L
1975,8,Sun,2:00PM ET,59,12,13.5,26.75,93.0,1.125,15.5,27.625,169.875,1.375,25.125,43.375,57.5,25.71577380952381,6.083333333333334,34.240922619047616,20.0,45.25,185.75,2.0,13.5,23.375,167.625,0.5,15.0,45.875,70.5,20.429166666666667,6.3625,39.77916666666666,L
1975,9,Sun,1:00PM ET,70,0,14.222222222222221,27.666666666666668,96.77777777777777,1.0,15.666666666666666,27.88888888888889,171.22222222222223,1.4444444444444444,25.88888888888889,45.77777777777778,58.666666666666664,25.886243386243386,5.962962962962964,34.973412698412695,19.666666666666668,45.55555555555556,183.55555555555554,1.8888888888888888,12.88888888888889,23.11111111111111,160.55555555555554,0.6666666666666666,13.333333333333334,42.44444444444444,70.33333333333333,21.12222222222222,6.025925925925926,40.78148148148148,L
1975,10,Sun,2:00PM ET,29,7,15.4,28.9,108.1,0.9,16.0,28.1,183.9,1.4,23.3,47.7,59.8,24.19761904761905,6.366666666666667,35.576071428571424,19.4,44.4,177.1,2.1,13.2,24.5,173.5,0.7,15.0,40.3,70.8,21.038571428571426,5.423333333333334,40.163333333333334,W
1975,11,Sun,2:00PM ET,39,18,16.0,31.0,115.81818181818181,1.0,15.636363636363637,27.454545454545453,180.0,1.4545454545454546,23.454545454545453,46.90909090909091,61.18181818181818,22.9978354978355,5.787878787878788,35.640584415584414,18.636363636363637,42.63636363636363,169.0,2.1818181818181817,12.818181818181818,24.545454545454547,167.63636363636363,0.9090909090909091,19.545454545454547,42.09090909090909,69.27272727272727,20.816883116883115,4.930303030303031,40.03160173160173,W
1975,12,Sun,2:00PM ET,25,7,15.166666666666666,30.083333333333332,110.41666666666667,0.9166666666666666,15.25,27.666666666666668,172.75,1.5833333333333333,23.333333333333332,46.75,60.5,23.123015873015873,6.0888888888888895,35.94136904761904,18.666666666666668,42.583333333333336,168.33333333333334,2.0,13.666666666666666,25.5,173.25,0.8333333333333334,18.666666666666668,42.0,70.08333333333333,20.790476190476188,4.269444444444445,40.31468253968254,L
1975,13,Sun,4:00PM ET,54,11,14.692307692307692,29.615384615384617,106.0,1.0,15.076923076923077,27.76923076923077,170.69230769230768,1.6153846153846154,23.76923076923077,45.84615384615385,60.38461538461539,22.893772893772898,5.505128205128206,36.08873626373626,18.923076923076923,42.61538461538461,170.3846153846154,1.8461538461538463,13.76923076923077,25.53846153846154,173.46153846153845,0.9230769230769231,20.076923076923077,40.30769230769231,70.38461538461539,20.65274725274725,3.966666666666667,39.636630036630045,L
1975,14,Sun,2:00PM ET,10,8,15.071428571428571,30.785714285714285,110.5,1.1428571428571428,15.142857142857142,28.142857142857142,171.42857142857142,1.5714285714285714,23.428571428571427,43.285714285714285,61.92857142857143,22.04421768707483,5.169047619047619,35.82049319727891,18.571428571428573,41.42857142857143,167.07142857142858,1.9285714285714286,13.714285714285714,26.357142857142858,176.71428571428572,1.0,21.571428571428573,38.857142857142854,70.07142857142857,20.368027210884353,4.272619047619048,39.448299319727894,W
1976,2,Sun,2:00PM ET,77,10,12.0,30.0,93.5,3.5,12.0,31.0,126.5,1.5,41.0,59.0,64.5,19.875,-3.75,42.4375,19.5,45.5,209.0,0.0,12.0,21.0,168.0,0.5,10.0,83.5,68.0,17.0,6.0,39.25,L
1976,3,Sun,1:00PM ET,66,12,10.333333333333334,28.333333333333332,86.0,2.6666666666666665,9.666666666666666,28.333333333333332,99.33333333333333,2.0,54.0,55.0,61.0,23.083333333333332,1.5,40.49166666666667,19.333333333333332,46.333333333333336,213.33333333333334,0.3333333333333333,11.666666666666666,22.0,140.66666666666666,0.3333333333333333,14.0,73.33333333333333,70.33333333333333,20.333333333333332,5.666666666666667,38.63333333333333,L
1976,4,Sun,2:00PM ET,60,12,11.5,33.25,117.5,2.25,8.25,24.0,87.25,1.5,44.5,65.75,61.0,28.479166666666664,4.125,39.16875,19.5,44.5,198.75,0.5,11.75,20.75,136.0,0.5,25.75,69.0,68.75,20.25,4.625,39.266666666666666,W
1976,5,Sun,2:00PM ET,49,6,14.0,35.4,131.4,2.0,9.8,24.0,112.8,1.6,40.0,67.4,63.0,27.03333333333333,4.2,37.985,19.0,40.2,170.6,0.6,13.0,23.2,149.2,0.6,27.2,69.0,67.0,19.119999999999997,5.166666666666666,39.163333333333334,W
1976,6,Sun,2:00PM ET,35,11,14.5,36.166666666666664,131.16666666666666,1.8333333333333333,10.166666666666666,23.333333333333332,131.66666666666666,1.5,33.333333333333336,59.5,62.5,25.069444444444443,4.666666666666667,36.25416666666667,18.5,39.0,158.16666666666666,0.6666666666666666,14.0,24.666666666666668,153.0,0.5,27.5,64.16666666666667,67.33333333333333,20.141666666666666,5.8055555555555545,38.74722222222222,W
1976,7,Sun,4:00PM ET,59,9,15.428571428571429,35.285714285714285,127.85714285714286,1.8571428571428572,11.857142857142858,24.857142857142858,156.14285714285714,1.5714285714285714,34.142857142857146,72.57142857142857,63.285714285714285,23.821428571428573,4.571428571428571,37.017857142857146,18.0,38.142857142857146,152.0,0.7142857142857143,13.857142857142858,24.142857142857142,162.57142857142858,0.5714285714285714,32.0,72.0,66.14285714285714,19.335714285714285,6.69047619047619,39.43639455782313,L
1976,8,Sun,1:00PM ET,70,0,14.875,34.0,122.75,2.0,11.75,25.0,149.375,1.625,33.125,72.125,62.25,23.635416666666664,6.0,37.265625,18.375,38.75,160.75,0.875,13.625,23.625,168.625,0.625,31.0,71.5,66.25,20.585416666666667,6.270833333333333,39.21517857142857,L
1976,9,Sun,2:00PM ET,32,16,15.333333333333334,35.44444444444444,128.55555555555554,2.0,11.555555555555555,25.0,148.11111111111111,1.5555555555555556,31.11111111111111,68.0,63.55555555555556,23.485449735449734,7.481481481481481,37.03240740740741,18.666666666666668,38.111111111111114,158.0,0.8888888888888888,13.777777777777779,24.88888888888889,169.11111111111111,0.7777777777777778,28.88888888888889,69.77777777777777,66.66666666666667,19.15,5.962962962962963,38.43201058201058,W
1976,10,Sun,2:00PM ET,27,9,15.4,35.2,123.9,2.1,11.9,25.3,153.8,1.5,30.6,66.6,63.6,22.61690476190476,7.753333333333333,36.85416666666667,18.4,38.8,162.4,0.8,13.3,24.3,160.1,0.9,29.2,72.4,66.7,18.835,6.0,38.85547619047619,L
1976,11,Sun,2:00PM ET,33,12,15.181818181818182,35.45454545454545,125.9090909090909,1.9090909090909092,11.909090909090908,25.454545454545453,148.9090909090909,1.7272727272727273,29.454545454545453,62.81818181818182,64.0909090909091,21.629004329004328,7.438095238095238,36.21807359307359,18.272727272727273,38.0,156.72727272727272,0.9090909090909091,14.181818181818182,26.0,161.9090909090909,0.8181818181818182,29.181818181818183,68.0909090909091,67.54545454545455,18.78939393939394,5.545454545454546,38.894588744588745,L
1976,12,Sun,2:00PM ET,2,15,14.833333333333334,35.083333333333336,122.25,1.9166666666666667,11.666666666666666,25.416666666666668,152.25,1.75,28.0,60.916666666666664,63.5,21.209920634920632,7.901587301587302,36.07490079365079,18.083333333333332,39.25,160.41666666666666,1.0833333333333333,13.583333333333334,24.833333333333332,156.5,0.75,28.833333333333332,65.75,67.58333333333333,19.001388888888886,5.333333333333333,38.67003968253968,L
1976,13,Sun,2:00PM ET,18,7,14.307692307692308,34.0,117.38461538461539,1.7692307692307692,11.384615384615385,25.46153846153846,149.23076923076923,1.6153846153846154,28.0,58.53846153846154,62.53846153846154,21.37838827838828,7.704029304029304,36.4441391941392,18.923076923076923,39.92307692307692,164.84615384615384,1.1538461538461537,14.307692307692308,25.384615384615383,159.46153846153845,0.7692307692307693,26.615384615384617,65.0,68.53846153846153,18.591025641025638,5.153846153846154,38.13772893772894,L
1976,14,Sun,1:00PM ET,52,7,15.0,34.642857142857146,123.0,1.6428571428571428,11.714285714285714,25.5,150.35714285714286,1.5714285714285714,26.785714285714285,56.5,63.07142857142857,21.479931972789114,7.65374149659864,36.57312925170068,18.714285714285715,39.0,163.42857142857142,1.0714285714285714,14.0,25.285714285714285,156.57142857142858,0.7857142857142857,25.5,65.28571428571429,67.35714285714286,18.27738095238095,5.333333333333334,38.29931972789115,W
1977,2,Sun,2:00PM ET,62,15,13.0,33.0,88.0,0.5,13.5,23.0,167.5,2.0,14.0,44.0,57.5,24.625,15.125,43.0875,18.5,33.0,121.5,0.5,18.0,30.0,188.5,0.5,39.0,47.0,67.5,21.6,8.791666666666668,35.285714285714285,L
1977,3,Sun,2:00PM ET,47,10,11.333333333333334,29.0,85.66666666666667,0.3333333333333333,11.666666666666666,22.0,159.33333333333334,1.3333333333333333,14.666666666666666,42.666666666666664,52.666666666666664,20.416666666666668,11.416666666666666,44.201190476190476,20.333333333333332,38.333333333333336,145.66666666666666,0.3333333333333333,18.333333333333332,29.0,187.0,0.3333333333333333,43.666666666666664,49.666666666666664,71.66666666666667,18.400000000000002,8.146825396825397,37.523809523809526,L
1977,4,Sun,2:00PM ET,47,19,12.25,31.0,92.25,0.25,12.0,22.75,148.25,1.5,11.0,47.0,55.0,20.125,8.895833333333334,41.96339285714286,20.5,39.25,149.0,0.5,17.5,26.75,187.75,0.5,36.75,58.5,70.0,20.425,6.110119047619048,36.976190476190474,L
1977,5,Sun,2:00PM ET,70,0,12.0,30.6,87.2,0.6,11.8,23.2,144.0,2.0,17.8,45.6,55.8,20.7,10.916666666666668,41.93071428571428,19.8,39.0,145.8,0.8,17.6,26.6,181.2,0.4,34.6,57.8,69.4,20.54,5.5547619047619055,37.34095238095237,L
1977,6,Sun,1:00PM ET,73,11,12.333333333333334,32.333333333333336,93.5,0.6666666666666666,11.666666666666666,21.833333333333332,139.16666666666666,1.8333333333333333,18.5,40.833333333333336,56.333333333333336,17.25,10.463888888888889,42.10892857142857,18.666666666666668,36.833333333333336,134.0,0.8333333333333334,17.166666666666668,28.0,177.0,0.6666666666666666,36.0,57.333333333333336,68.66666666666667,20.158333333333335,5.628968253968254,37.57579365079365,W
1977,7,Sun,2:00PM ET,45,10,13.0,32.142857142857146,94.57142857142857,0.5714285714285714,11.714285714285714,23.0,139.57142857142858,1.7142857142857142,22.428571428571427,41.0,57.57142857142857,17.238095238095237,9.969047619047618,41.6469387755102,19.0,39.285714285714285,168.42857142857142,0.7142857142857143,15.285714285714286,25.428571428571427,159.42857142857142,0.7142857142857143,32.285714285714285,59.857142857142854,68.14285714285714,20.849999999999998,6.003401360544218,37.493537414965985,L
1977,8,Sun,2:00PM ET,56,8,13.25,31.5,93.25,0.5,12.125,23.625,139.5,1.5,22.625,44.0,57.625,18.633333333333333,9.514583333333333,41.22678571428571,19.125,39.875,169.5,0.625,14.75,24.875,157.375,0.625,30.625,59.875,68.0,21.45208333333333,6.127976190476191,37.890178571428564,L
1977,9,Sun,2:00PM ET,32,8,13.666666666666666,31.444444444444443,93.22222222222223,0.5555555555555556,12.777777777777779,25.0,154.66666666666666,1.5555555555555556,23.444444444444443,46.333333333333336,59.0,18.696296296296296,8.457407407407407,40.957142857142856,19.555555555555557,41.666666666666664,171.77777777777777,0.7777777777777778,14.222222222222221,24.0,156.11111111111111,0.5555555555555556,27.22222222222222,59.333333333333336,68.55555555555556,20.01296296296296,5.521164021164021,37.26349206349206,L
1977,10,Mon,9:00PM ET,50,11,14.0,31.8,92.8,0.6,12.7,24.9,153.2,1.7,24.4,44.2,59.6,18.259999999999998,8.111666666666666,40.621428571428574,19.1,41.3,170.5,0.7,13.8,23.7,152.9,0.6,27.4,61.9,68.0,20.086666666666666,5.002380952380952,37.23714285714285,L
1977,11,Sun,2:00PM ET,11,10,13.545454545454545,31.818181818181817,94.18181818181819,0.7272727272727273,12.090909090909092,24.727272727272727,146.0909090909091,1.7272727272727273,23.454545454545453,40.18181818181818,59.36363636363637,17.44090909090909,7.6106060606060595,40.51298701298702,18.454545454545453,42.54545454545455,169.36363636363637,0.8181818181818182,13.0,22.272727272727273,145.1818181818182,0.5454545454545454,25.636363636363637,59.45454545454545,67.72727272727273,19.62424242424242,5.0021645021645025,37.192857142857136,L
1977,12,Sun,2:00PM ET,6,9,13.333333333333334,33.5,100.0,0.6666666666666666,11.416666666666666,23.416666666666668,139.33333333333334,1.75,21.5,43.75,59.5,18.029166666666665,7.543055555555554,40.1702380952381,18.0,41.583333333333336,163.58333333333334,0.8333333333333334,13.083333333333334,22.5,142.66666666666666,0.6666666666666666,25.166666666666668,59.583333333333336,66.91666666666667,19.13472222222222,5.140873015873016,36.96011904761904,W
1977,13,Sun,2:00PM ET,3,8,13.538461538461538,33.61538461538461,104.6923076923077,0.6923076923076923,11.307692307692308,23.46153846153846,138.0,1.6153846153846154,20.384615384615383,46.53846153846154,59.53846153846154,17.73846153846154,7.808974358974358,39.91782661782661,18.53846153846154,42.15384615384615,169.0,0.8461538461538461,13.0,22.307692307692307,141.53846153846155,0.7692307692307693,24.307692307692307,59.15384615384615,67.15384615384616,20.662820512820513,5.245421245421245,36.96318681318681,L
1977,14,Sun,2:00PM ET,40,8,13.928571428571429,33.5,104.57142857142857,0.6428571428571429,11.714285714285714,23.357142857142858,143.78571428571428,1.5,18.928571428571427,49.285714285714285,59.142857142857146,17.13809523809524,7.251190476190475,39.59036281179139,18.642857142857142,41.57142857142857,165.28571428571428,0.7857142857142857,13.285714285714286,22.785714285714285,145.85714285714286,0.9285714285714286,23.071428571428573,57.07142857142857,67.0,20.347619047619048,5.085034013605442,36.75153061224489,W
1978,2,Sun,1:00PM ET,75,8,18.0,46.0,200.5,1.0,6.5,12.0,96.0,0.0,2.5,30.0,58.5,22.916666666666664,5.65,44.785714285714285,18.0,24.5,91.0,0.0,21.5,36.0,209.5,1.0,42.0,35.5,65.0,19.675,1.5999999999999996,41.45714285714286,W
1978,3,Sun,2:00PM ET,59,13,16.333333333333332,39.666666666666664,160.0,1.3333333333333333,8.333333333333334,19.0,106.0,0.3333333333333333,4.666666666666667,29.666666666666668,59.666666666666664,17.944444444444443,3.766666666666667,41.81547619047619,21.333333333333332,35.666666666666664,176.66666666666666,0.0,16.333333333333332,29.333333333333332,163.66666666666666,2.0,28.0,42.333333333333336,68.0,18.45,2.933333333333333,40.971428571428575,L
1978,4,Sun,4:00PM ET,85,9,14.5,38.0,149.5,1.25,8.0,17.75,102.5,0.5,24.25,48.5,59.0,21.083333333333332,4.325,41.54910714285714,21.0,34.25,155.25,1.5,17.75,31.25,176.25,2.75,36.0,44.5,69.75,19.6375,3.5124999999999997,41.35357142857143,W
1978,5,Sun,2:00PM ET,57,10,14.8,36.8,163.8,1.4,9.4,18.2,134.2,0.8,19.4,57.2,57.6,20.93333333333333,5.66,37.33928571428571,19.6,33.6,149.4,1.2,17.0,30.0,171.2,2.4,38.8,50.2,68.2,19.189999999999998,2.8099999999999996,41.54,W
1978,6,Sun,2:00PM ET,40,9,13.666666666666666,36.666666666666664,152.83333333333334,1.5,8.833333333333334,17.166666666666668,126.5,0.6666666666666666,19.5,56.0,56.333333333333336,20.555555555555554,5.8,37.33829365079365,19.833333333333332,34.666666666666664,149.0,1.3333333333333333,18.0,31.166666666666668,180.0,2.5,34.666666666666664,53.5,70.0,19.391666666666666,3.508333333333333,41.422222222222224,W
1978,7,Sun,1:00PM ET,39,11,14.571428571428571,36.57142857142857,158.14285714285714,1.5714285714285714,9.285714285714286,17.428571428571427,134.0,0.7142857142857143,16.714285714285715,55.142857142857146,56.142857142857146,21.833333333333332,7.923809523809524,36.468537414965986,20.285714285714285,35.285714285714285,155.42857142857142,1.8571428571428572,17.857142857142858,31.142857142857142,198.28571428571428,2.4285714285714284,32.42857142857143,55.142857142857146,70.42857142857143,19.49642857142857,3.483333333333333,40.18333333333333,W
1978,8,Sun,2:00PM ET,51,13,14.5,35.125,154.5,1.5,10.625,19.25,136.25,0.75,18.875,62.125,56.875,21.822916666666664,7.833333333333334,35.74330357142857,20.5,34.875,143.5,1.75,18.875,32.625,206.25,2.125,31.875,60.0,71.25,20.434375,3.266666666666666,40.41041666666666,L
1978,9,Sun,2:00PM ET,40,11,14.88888888888889,36.22222222222222,147.44444444444446,1.6666666666666667,11.222222222222221,20.77777777777778,140.33333333333334,0.7777777777777778,18.444444444444443,57.44444444444444,59.44444444444444,19.398148148148145,7.31851851851852,36.13690476190476,19.0,34.77777777777778,135.55555555555554,1.7777777777777777,17.333333333333332,30.88888888888889,194.22222222222223,2.0,28.333333333333332,57.55555555555556,69.0,19.99722222222222,3.4370370370370367,40.05925925925926,W
1978,10,Sun,1:00PM ET,56,9,14.9,36.2,150.1,1.7,11.9,22.0,148.3,1.0,17.5,59.1,60.5,19.458333333333332,8.586666666666668,35.55654761904761,18.1,34.3,127.1,1.6,16.9,29.8,185.4,1.9,26.4,53.3,67.2,20.3475,4.193333333333333,36.05333333333333,L
1978,11,Sun,4:00PM ET,31,14,14.363636363636363,34.45454545454545,142.45454545454547,1.6363636363636365,11.454545454545455,22.363636363636363,142.8181818181818,1.0909090909090908,17.0,57.45454545454545,59.18181818181818,19.884199134199132,11.260606060606062,35.49585137085137,19.363636363636363,36.45454545454545,144.0,1.6363636363636365,17.272727272727273,30.181818181818183,189.8181818181818,1.7272727272727273,24.90909090909091,55.72727272727273,69.63636363636364,19.40681818181818,4.266666666666667,35.89696969696969,L
1978,12,Sun,4:00PM ET,30,9,14.25,34.166666666666664,137.58333333333334,1.5,11.25,21.916666666666668,146.58333333333334,1.0833333333333333,16.333333333333332,56.416666666666664,58.416666666666664,19.83829365079365,10.572222222222223,35.92119708994709,19.333333333333332,37.25,149.91666666666666,1.5,16.833333333333332,29.083333333333332,188.5,1.5833333333333333,25.333333333333332,59.083333333333336,69.41666666666667,19.428472222222222,4.6194444444444445,35.55833333333333,L
1978,13,Sun,2:00PM ET,27,11,14.384615384615385,35.69230769230769,138.84615384615384,1.6153846153846154,11.23076923076923,22.0,148.76923076923077,1.0,15.923076923076923,53.53846153846154,60.0,19.773809523809522,10.27179487179487,35.50418192918193,19.0,37.61538461538461,146.92307692307693,1.4615384615384615,17.076923076923077,29.692307692307693,189.30769230769232,1.7692307692307692,24.692307692307693,57.61538461538461,70.38461538461539,19.549358974358974,4.664102564102564,36.207692307692305,T
1978,14,Sun,1:00PM ET,76,8,14.142857142857142,35.285714285714285,133.57142857142858,1.5,11.357142857142858,21.785714285714285,146.21428571428572,1.0,15.142857142857142,51.785714285714285,59.285714285714285,20.289965986394556,10.561904761904762,35.9171485260771,19.071428571428573,37.785714285714285,149.07142857142858,1.4285714285714286,16.857142857142858,29.857142857142858,188.5,1.7857142857142858,25.357142857142858,57.642857142857146,70.85714285714286,19.391071428571426,4.848809523809523,36.58571428571428,W
1978,15,Sun,2:00PM ET,1,11,13.933333333333334,34.733333333333334,129.86666666666667,1.5333333333333334,11.133333333333333,22.0,144.86666666666667,1.0,17.0,50.2,59.06666666666667,19.98174603174603,10.235555555555555,35.56933862433862,18.933333333333334,38.4,150.73333333333332,1.3333333333333333,16.333333333333332,29.133333333333333,184.66666666666666,1.7333333333333334,24.466666666666665,59.6,70.6,20.165,4.703333333333333,36.346666666666664,L
1978,16,Sun,4:00PM ET,55,10,14.125,34.375,126.4375,1.5,11.25,22.3125,147.375,1.125,17.125,48.5,59.0,19.870386904761904,9.595833333333333,35.450421626984124,18.875,38.75,152.4375,1.25,15.875,28.9375,181.875,1.6875,24.125,59.3125,70.6875,19.67552083333333,5.003125,36.29821428571428,L
1979,2,Sun,1:00PM ET,60,13,15.0,25.5,135.5,1.0,9.5,19.5,126.5,0.5,33.0,43.0,49.5,21.35,2.5,39.25,23.0,43.5,184.0,0.5,21.5,35.0,204.0,1.5,1.0,52.5,79.0,19.75,2.9,32.0,W
1979,3,Sun,2:00PM ET,60,9,16.0,27.0,120.0,1.6666666666666667,14.333333333333334,24.333333333333332,155.66666666666666,0.3333333333333333,31.666666666666668,52.0,55.333333333333336,22.733333333333334,1.6666666666666667,40.0,21.666666666666668,44.0,201.0,0.3333333333333333,18.333333333333332,31.666666666666668,180.0,1.3333333333333333,0.6666666666666666,51.666666666666664,76.0,21.0,4.266666666666667,33.266666666666666,L
1979,4,Sun,1:00PM ET,59,14,15.5,29.5,125.25,1.5,13.25,22.0,143.75,0.25,23.75,44.0,54.5,22.8625,2.3125,40.8,22.25,43.75,191.0,0.25,18.5,30.25,196.25,1.5,8.0,47.5,75.5,21.75,4.95,35.45,L
1979,5,Mon,9:00PM ET,52,7,16.2,30.6,123.8,1.2,14.0,23.4,156.2,0.6,20.4,40.2,56.6,21.823333333333334,2.85,39.54,23.0,41.6,185.2,0.4,18.4,31.6,211.0,2.2,12.6,46.6,75.4,19.65,5.16,34.49333333333333,W
1979,6,Sun,1:00PM ET,63,13,16.333333333333332,29.5,122.66666666666667,1.1666666666666667,13.833333333333334,24.5,165.0,0.8333333333333334,25.5,43.0,57.5,21.28611111111111,3.2916666666666665,39.949999999999996,22.333333333333332,41.5,179.66666666666666,0.5,17.666666666666668,31.166666666666668,199.83333333333334,1.8333333333333333,12.166666666666666,45.5,74.66666666666667,20.48611111111111,5.05,36.41111111111111,L
1979,7,Sun,4:00PM ET,41,10,16.571428571428573,31.285714285714285,132.14285714285714,1.1428571428571428,13.142857142857142,23.428571428571427,160.28571428571428,0.8571428571428571,25.142857142857142,46.57142857142857,58.142857142857146,20.673809523809524,3.2023809523809526,40.01428571428571,21.0,40.0,167.28571428571428,0.5714285714285714,17.142857142857142,30.571428571428573,198.57142857142858,1.7142857142857142,15.714285714285714,51.285714285714285,72.85714285714286,19.702380952380956,5.007142857142857,37.03809523809524,W
1979,8,Sun,1:00PM ET,78,10,16.5,30.375,120.375,1.125,14.25,24.875,172.875,1.125,22.0,46.375,58.25,20.922916666666666,4.010416666666667,40.762499999999996,20.25,41.0,174.875,0.625,15.75,28.0,184.375,1.5,13.75,51.125,71.0,20.239583333333336,6.00625,37.824999999999996,L
1979,9,Sun,4:00PM ET,75,13,15.666666666666666,28.555555555555557,112.88888888888889,1.2222222222222223,14.0,24.333333333333332,173.66666666666666,1.1111111111111112,23.666666666666668,44.22222222222222,56.0,20.82037037037037,3.564814814814815,40.91851851851852,21.11111111111111,42.0,177.11111111111111,0.6666666666666666,16.11111111111111,28.0,197.66666666666666,1.3333333333333333,14.88888888888889,55.111111111111114,72.0,19.324074074074076,6.716666666666666,39.511111111111106,L
1979,10,Sun,4:00PM ET,34,10,16.3,28.3,112.4,1.3,14.8,25.6,185.9,1.2,22.2,44.1,56.8,21.821666666666665,3.8083333333333336,40.82666666666667,21.0,43.0,184.0,0.7,15.3,26.8,191.5,1.3,13.4,53.8,71.6,19.131666666666668,6.994999999999999,39.42666666666666,L
1979,11,Sun,2:00PM ET,26,6,16.545454545454547,29.363636363636363,118.36363636363636,1.1818181818181819,14.454545454545455,25.0,182.36363636363637,1.3636363636363635,23.09090909090909,45.45454545454545,57.27272727272727,20.656060606060603,3.4621212121212124,40.04242424242424,21.181818181818183,41.36363636363637,177.9090909090909,0.9090909090909091,16.363636363636363,27.818181818181817,197.9090909090909,1.3636363636363635,15.090909090909092,49.72727272727273,71.27272727272727,18.392424242424244,6.404545454545453,39.17575757575757,W
1979,12,Sun,1:00PM ET,44,10,16.333333333333332,29.25,116.41666666666667,1.25,14.333333333333334,25.083333333333332,184.25,1.5,22.0,45.5,57.083333333333336,20.63472222222222,4.173611111111112,40.26111111111111,21.083333333333332,41.416666666666664,178.66666666666666,0.9166666666666666,16.416666666666668,27.833333333333332,200.25,1.25,14.916666666666666,55.0,71.25,18.637500000000003,6.093055555555555,39.60555555555555,L
1979,13,Sun,2:00PM ET,35,6,17.0,29.615384615384617,116.53846153846153,1.3846153846153846,15.076923076923077,26.923076923076923,187.0,1.3846153846153846,20.846153846153847,43.30769230769231,59.15384615384615,20.23974358974359,4.083333333333334,40.37948717948718,20.692307692307693,41.0,182.53846153846155,0.8461538461538461,15.76923076923077,27.076923076923077,194.6153846153846,1.1538461538461537,14.461538461538462,59.07692307692308,70.0,19.203846153846158,6.162820512820512,39.67985347985348,L
1979,14,Sun,1:00PM ET,39,15,17.142857142857142,29.714285714285715,115.07142857142857,1.3571428571428572,14.928571428571429,27.357142857142858,188.78571428571428,1.4285714285714286,21.785714285714285,40.92857142857143,59.785714285714285,20.36547619047619,4.0773809523809526,40.35238095238095,20.928571428571427,40.92857142857143,183.42857142857142,0.7857142857142857,16.142857142857142,27.571428571428573,199.0,1.1428571428571428,14.428571428571429,59.5,70.42857142857143,19.45714285714286,6.2940476190476184,39.202721088435375,L
1979,15,Sun,1:00PM ET,29,17,17.266666666666666,29.266666666666666,111.06666666666666,1.4666666666666666,15.266666666666667,28.0,195.06666666666666,1.4666666666666666,22.466666666666665,42.46666666666667,60.06666666666667,20.524444444444445,4.183333333333334,40.07555555555555,20.6,40.733333333333334,181.93333333333334,0.8,15.733333333333333,27.4,193.26666666666668,1.1333333333333333,13.933333333333334,60.13333333333333,70.0,18.560000000000002,6.474444444444444,38.76253968253968,L
1979,16,Sat,4:00PM ET,70,0,17.4375,30.1875,116.3125,1.375,15.0,27.75,191.0625,1.375,23.5,42.5625,60.875,20.272916666666667,4.046875,40.53958333333333,20.4375,39.9375,180.3125,0.875,15.5625,27.5,190.0625,1.125,17.4375,57.0,69.625,19.275000000000002,6.647916666666666,38.91800595238095,W
1980,2,Sun,2:00PM ET,64,14,14.5,26.5,86.5,0.0,14.0,29.0,173.0,1.5,31.5,54.0,59.0,17.666666666666668,11.416666666666668,38.25,18.5,43.0,165.5,0.5,14.5,25.0,213.0,2.0,15.0,58.5,69.5,22.416666666666664,5.25,36.05,L
1980,3,Sun,4:00PM ET,67,9,15.0,27.0,77.66666666666667,0.0,14.333333333333334,29.666666666666668,178.66666666666666,2.6666666666666665,40.333333333333336,43.333333333333336,61.333333333333336,17.40740740740741,10.361111111111112,41.72222222222222,19.333333333333332,42.333333333333336,164.0,0.6666666666666666,15.0,24.333333333333332,218.0,1.3333333333333333,12.666666666666666,59.666666666666664,68.0,16.777777777777775,5.944444444444444,40.766666666666666,L
1980,4,Sun,1:00PM ET,55,9,15.5,26.0,91.25,0.0,14.0,30.0,174.0,2.25,37.25,55.0,60.25,17.755555555555556,7.770833333333334,41.34166666666667,20.5,42.5,171.5,0.75,15.25,23.25,217.75,1.0,13.75,68.0,67.25,17.458333333333332,7.041666666666666,39.825,L
1980,5,Sun,1:00PM ET,39,7,16.6,29.2,99.0,0.2,14.8,29.2,179.8,1.8,33.8,49.0,62.2,17.154444444444444,6.216666666666667,40.513333333333335,19.2,38.8,155.6,0.6,15.2,24.6,205.0,1.2,17.0,61.4,65.4,20.5,6.7,39.620000000000005,W
1980,6,Sun,1:00PM ET,73,7,19.166666666666668,32.166666666666664,108.16666666666667,0.16666666666666666,18.166666666666668,32.833333333333336,219.5,1.8333333333333333,28.666666666666668,52.5,68.33333333333333,17.83703703703704,6.486111111111112,39.94861111111111,18.5,38.166666666666664,159.66666666666666,0.5,13.666666666666666,24.666666666666668,188.0,1.0,17.666666666666668,55.333333333333336,65.0,19.916666666666668,6.683333333333334,40.31969696969697,T
1980,7,Sun,1:00PM ET,46,12,19.142857142857142,32.857142857142854,105.57142857142857,0.14285714285714285,18.0,31.285714285714285,221.0,2.0,25.714285714285715,49.857142857142854,67.14285714285714,17.693650793650793,6.130952380952381,39.75595238095239,19.142857142857142,36.42857142857143,149.28571428571428,0.5714285714285714,15.142857142857142,26.714285714285715,217.0,0.8571428571428571,16.142857142857142,62.42857142857143,65.14285714285714,19.642857142857142,6.8,40.702597402597405,L
1980,8,Sun,1:00PM ET,35,16,19.0,33.75,110.75,0.375,17.75,31.375,217.625,2.125,23.875,48.0,68.0,18.669444444444444,6.145833333333334,39.11979166666667,18.625,35.5,141.25,0.75,15.625,28.125,217.625,0.875,15.375,58.375,65.625,19.0625,5.95,39.44289772727273,W
1980,9,Sun,1:00PM ET,40,7,18.88888888888889,32.77777777777778,107.0,0.3333333333333333,18.0,32.22222222222222,225.55555555555554,2.2222222222222223,23.77777777777778,47.333333333333336,67.88888888888889,18.61728395061728,6.648148148148149,38.36574074074074,18.555555555555557,35.666666666666664,143.33333333333334,0.8888888888888888,15.222222222222221,28.11111111111111,208.44444444444446,1.0,15.222222222222221,57.888888888888886,65.77777777777777,19.305555555555557,7.066666666666666,40.032575757575756,L
1980,10,Sun,2:00PM ET,51,17,19.4,33.5,114.3,0.5,18.6,32.3,227.4,2.1,22.3,49.0,68.6,18.988888888888887,6.083333333333334,37.8625,18.4,34.6,140.4,1.0,15.5,28.8,214.1,1.0,14.0,58.9,65.3,18.835,6.76,39.562651515151515,W
1980,11,Sun,1:00PM ET,40,15,19.818181818181817,32.90909090909091,114.9090909090909,0.6363636363636364,18.727272727272727,32.63636363636363,236.8181818181818,2.090909090909091,24.09090909090909,46.36363636363637,68.45454545454545,18.989898989898986,6.378787878787879,37.96590909090909,18.454545454545453,34.63636363636363,137.8181818181818,1.0909090909090908,15.636363636363637,29.181818181818183,223.9090909090909,0.9090909090909091,15.272727272727273,61.27272727272727,65.9090909090909,18.19090909090909,6.145454545454545,39.8978650137741,L
1980,12,Sun,2:00PM ET,39,14,20.25,33.5,125.83333333333333,0.5833333333333334,18.25,31.666666666666668,235.25,1.9166666666666667,23.833333333333332,45.416666666666664,68.0,19.199074074074073,5.847222222222222,38.21875,18.333333333333332,33.75,133.75,1.0,15.833333333333334,29.583333333333332,222.0,0.8333333333333334,15.166666666666666,57.416666666666664,65.58333333333333,18.658333333333335,6.716666666666666,39.40637626262626,W
1980,13,Sun,2:00PM ET,37,16,20.076923076923077,32.76923076923077,121.84615384615384,0.6153846153846154,18.692307692307693,32.0,231.23076923076923,1.7692307692307692,22.0,43.07692307692308,67.38461538461539,19.61452991452991,6.166666666666667,38.31730769230769,18.384615384615383,34.30769230769231,134.07692307692307,1.0,15.846153846153847,29.76923076923077,223.0,0.7692307692307693,14.0,55.92307692307692,66.15384615384616,18.26153846153846,6.546153846153846,39.14434731934732,L
1980,14,Sun,2:00PM ET,56,10,20.0,32.0,118.92857142857143,0.6428571428571429,18.357142857142858,31.928571428571427,229.28571428571428,1.7857142857142858,21.785714285714285,44.142857142857146,66.5,20.070634920634916,6.011904761904762,38.42559523809524,19.428571428571427,35.285714285714285,143.57142857142858,0.9285714285714286,16.142857142857142,29.357142857142858,231.07142857142858,0.7142857142857143,13.642857142857142,57.642857142857146,66.64285714285714,17.77857142857143,6.5249999999999995,38.70546536796537,L
1980,15,Sun,1:00PM ET,19,14,19.733333333333334,31.2,114.6,0.7333333333333333,18.333333333333332,32.266666666666666,234.6,1.8666666666666667,22.066666666666666,42.86666666666667,66.06666666666666,19.621481481481474,6.177777777777778,37.76388888888889,19.6,35.666666666666664,151.13333333333333,0.9333333333333333,16.066666666666666,28.866666666666667,225.2,0.7333333333333333,14.666666666666666,55.13333333333333,66.6,17.526666666666664,6.489999999999999,38.95176767676767,L
1980,16,Sun,1:00PM ET,70,0,19.1875,30.8125,112.875,0.75,18.0625,31.9375,228.1875,1.8125,22.5,43.5625,65.4375,19.415972222222216,6.291666666666667,37.86793154761905,19.75,35.3125,149.9375,0.875,16.1875,28.75,226.0625,0.8125,14.625,54.5,66.1875,17.4,6.636458333333333,39.220407196969695,L
1981,2,Sun,1:00PM ET,65,8,21.0,34.5,144.5,2.0,20.0,33.5,253.5,2.0,27.0,31.0,71.5,10.0,8.5,40.58333333333333,19.5,30.5,130.5,2.0,17.0,33.5,210.0,2.0,20.0,70.0,67.0,21.625,22.75,42.25,L
1981,3,Sun,4:00PM ET,69,7,20.333333333333332,34.0,137.0,2.3333333333333335,18.333333333333332,33.666666666666664,210.66666666666666,1.6666666666666667,33.666666666666664,52.333333333333336,72.0,13.466666666666667,8.799999999999999,42.22222222222222,19.333333333333332,34.666666666666664,146.0,2.0,13.333333333333334,26.333333333333332,165.33333333333334,1.6666666666666667,30.0,86.66666666666667,64.66666666666667,19.305555555555554,16.916666666666668,41.404761904761905,L
1981,4,Sun,2:00PM ET,58,24,20.75,30.25,120.5,2.25,19.25,35.25,233.75,1.25,39.75,59.0,70.75,15.1,6.6,42.33333333333333,21.5,34.0,148.75,2.25,14.75,28.25,187.25,1.25,22.5,87.0,65.0,17.604166666666664,15.0625,31.05357142857143,L
1981,5,Sun,1:00PM ET,53,17,22.0,34.0,126.0,1.8,19.0,32.8,233.2,1.2,35.0,65.2,71.4,13.48,5.8133333333333335,43.96666666666666,20.6,30.4,127.2,1.8,15.8,29.0,195.8,1.4,19.8,83.6,61.8,16.523333333333333,14.15,33.392857142857146,W
1981,6,Sun,2:00PM ET,49,7,21.5,32.0,120.83333333333333,1.5,19.0,32.833333333333336,230.83333333333334,1.6666666666666667,31.833333333333332,57.5,69.0,14.483333333333334,6.288888888888889,43.513888888888886,20.833333333333332,32.833333333333336,134.66666666666666,1.6666666666666667,15.666666666666666,28.0,196.33333333333334,1.3333333333333333,16.5,75.5,63.0,16.825,12.791666666666666,34.535714285714285,L
1981,7,Sun,1:00PM ET,47,21,20.285714285714285,30.142857142857142,114.71428571428571,1.2857142857142858,18.285714285714285,31.571428571428573,225.42857142857142,1.5714285714285714,31.571428571428573,54.285714285714285,65.85714285714286,16.985714285714288,5.628571428571428,43.01190476190476,20.857142857142858,34.857142857142854,133.42857142857142,1.5714285714285714,16.714285714285715,28.571428571428573,199.71428571428572,1.1428571428571428,15.428571428571429,69.71428571428571,65.42857142857143,15.921428571428569,12.321428571428571,34.724489795918366,L
1981,8,Sun,1:00PM ET,70,0,20.625,29.0,109.75,1.375,19.0,33.0,239.75,1.5,31.75,53.375,66.0,16.90416666666667,5.175,42.885416666666664,21.25,35.25,138.125,1.5,17.125,29.5,208.625,1.125,17.625,70.375,67.0,16.347916666666663,10.697916666666666,36.217261904761905,L
1981,9,Sun,2:00PM ET,51,5,21.11111111111111,30.555555555555557,117.77777777777777,1.3333333333333333,19.0,32.77777777777778,235.88888888888889,1.5555555555555556,29.333333333333332,51.77777777777778,67.11111111111111,16.72037037037037,4.8962962962962955,42.07592592592593,20.555555555555557,34.22222222222222,136.0,1.5555555555555556,16.77777777777778,29.333333333333332,200.22222222222223,1.1111111111111112,19.11111111111111,69.77777777777777,66.11111111111111,16.1505291005291,10.287037037037036,36.49470899470899,W
1981,10,Sun,1:00PM ET,46,13,20.3,30.5,114.2,1.2,18.5,32.6,232.6,1.6,28.2,47.1,66.7,16.723333333333336,8.106666666666666,41.95166666666667,20.2,33.9,131.2,1.7,17.4,31.0,205.3,1.4,19.0,68.2,67.4,16.321190476190473,10.418333333333333,37.345238095238095,W
1981,11,Sun,1:00PM ET,44,7,20.09090909090909,30.818181818181817,114.18181818181819,1.1818181818181819,17.818181818181817,32.54545454545455,224.1818181818182,1.5454545454545454,26.272727272727273,46.54545454545455,66.72727272727273,17.203030303030303,7.869696969696969,41.91060606060606,20.181818181818183,34.36363636363637,134.27272727272728,1.5454545454545454,17.0,30.818181818181817,197.0,1.5454545454545454,19.636363636363637,66.54545454545455,67.72727272727273,16.360173160173158,10.18030303030303,37.56060606060606,W
1981,12,Sun,1:00PM ET,49,6,19.583333333333332,29.916666666666668,110.5,1.0833333333333333,18.083333333333332,33.0,224.08333333333334,1.75,25.0,45.75,66.16666666666667,17.419444444444448,7.213888888888889,42.18888888888889,20.416666666666668,35.083333333333336,140.58333333333334,1.5833333333333333,16.666666666666668,30.25,193.08333333333334,1.5,19.0,62.25,67.83333333333333,17.41349206349206,11.87361111111111,34.43055555555556,L
1981,13,Sun,1:00PM ET,30,9,19.923076923076923,30.76923076923077,110.84615384615384,1.1538461538461537,18.076923076923077,33.0,229.46153846153845,1.7692307692307692,23.076923076923077,46.92307692307692,66.76923076923077,17.571794871794875,6.697435897435897,41.6051282051282,20.615384615384617,33.23076923076923,131.92307692307693,1.4615384615384615,18.307692307692307,32.15384615384615,207.76923076923077,1.7692307692307692,18.153846153846153,61.76923076923077,67.76923076923077,17.548351648351648,11.678205128205128,34.57692307692308,W
1981,14,Sun,1:00PM ET,31,12,20.214285714285715,31.0,107.78571428571429,1.0714285714285714,18.214285714285715,32.857142857142854,233.0,1.6428571428571428,22.428571428571427,45.785714285714285,66.78571428571429,17.38809523809524,6.933333333333333,41.19047619047619,20.571428571428573,33.07142857142857,132.71428571428572,1.3571428571428572,18.214285714285715,32.214285714285715,210.07142857142858,1.7857142857142858,18.5,60.142857142857146,67.78571428571429,17.056802721088435,11.41547619047619,34.726190476190474,W
1981,15,Sun,1:00PM ET,70,0,20.0,30.866666666666667,108.33333333333333,1.0,18.266666666666666,32.06666666666667,232.0,1.5333333333333334,22.0,44.733333333333334,65.8,16.928888888888892,6.76,41.34444444444444,20.266666666666666,33.13333333333333,129.66666666666666,1.4,17.933333333333334,31.466666666666665,207.06666666666666,1.9333333333333333,17.266666666666666,56.93333333333333,66.93333333333334,17.27523809523809,11.354444444444445,35.166666666666664,W
1981,16,Sun,1:00PM ET,24,21,19.25,29.875,104.375,1.0625,17.875,32.125,223.5,1.5,24.1875,42.9375,65.25,16.745833333333337,6.3374999999999995,41.166666666666664,20.375,34.125,131.125,1.5,17.75,31.5625,209.5625,1.875,16.625,56.6875,67.9375,17.03928571428571,10.988541666666666,35.0,L
1982,2,Mon,9:00PM ET,60,13,19.0,38.0,173.5,2.0,15.0,23.5,219.0,1.5,23.5,17.5,64.5,20.25,7.0,46.0,13.5,26.5,90.5,1.0,16.0,32.0,196.5,2.0,18.0,60.0,60.5,17.666666666666664,12.35,41.60714285714286,W
1982,11,Sun,1:00PM ET,45,10,19.666666666666668,36.666666666666664,161.0,1.6666666666666667,16.333333333333332,26.333333333333332,241.0,1.0,36.333333333333336,16.666666666666668,67.66666666666667,18.666666666666668,6.708333333333333,44.5,13.0,23.333333333333332,68.66666666666667,1.0,17.0,35.0,188.66666666666666,1.3333333333333333,16.666666666666668,52.0,60.333333333333336,17.166666666666668,10.15,41.32142857142858,W
1982,12,Sun,1:00PM ET,32,11,19.0,33.5,133.75,1.5,17.0,27.25,237.0,0.75,30.75,25.0,65.0,17.75,5.03125,42.125,14.75,26.25,85.0,1.0,17.75,35.25,201.5,1.25,17.25,54.0,63.5,17.708333333333332,8.2375,40.49107142857143,L
1982,13,Sun,1:00PM ET,42,12,19.0,33.8,128.2,1.6,16.4,26.4,228.6,0.8,24.6,25.0,63.6,19.7,4.025,33.7,16.4,27.8,96.4,1.4,17.8,35.4,202.0,1.4,15.8,52.6,65.0,18.066666666666666,6.590000000000001,40.792857142857144,W
1982,14,Sun,1:00PM ET,11,11,18.666666666666668,30.5,114.16666666666667,1.3333333333333333,16.833333333333332,30.666666666666668,228.0,1.5,32.0,31.833333333333332,65.5,18.988095238095237,5.298611111111111,34.833333333333336,17.166666666666668,30.333333333333332,106.16666666666667,1.3333333333333333,17.333333333333332,34.833333333333336,194.5,1.6666666666666667,15.833333333333334,57.0,67.0,24.472222222222218,8.533333333333333,41.285714285714285,L
1982,15,Sun,2:00PM ET,29,6,19.428571428571427,31.857142857142858,117.57142857142857,1.2857142857142858,16.857142857142858,31.285714285714285,232.0,1.4285714285714286,32.0,35.0,67.42857142857143,18.799319727891156,5.0059523809523805,35.142857142857146,17.428571428571427,31.571428571428573,106.71428571428571,1.2857142857142858,18.142857142857142,35.57142857142857,196.85714285714286,1.4285714285714286,17.285714285714285,60.285714285714285,69.14285714285714,22.947619047619046,8.85,42.330612244897964,T
1982,16,Sun,1:00PM ET,64,10,19.75,31.625,123.375,1.375,16.25,30.125,235.0,1.375,29.125,36.25,65.625,21.699404761904763,6.036458333333333,33.75,17.625,30.375,100.625,1.125,19.625,36.5,212.25,1.375,20.5,71.875,69.125,21.474999999999998,7.74375,42.247619047619054,W
1982,17,Sun,1:00PM ET,70,0,19.444444444444443,31.444444444444443,120.11111111111111,1.2222222222222223,15.88888888888889,29.666666666666668,229.77777777777777,1.6666666666666667,26.555555555555557,38.111111111111114,64.66666666666667,21.3994708994709,5.3657407407407405,34.361111111111114,18.22222222222222,30.555555555555557,103.55555555555556,1.2222222222222223,19.666666666666668,36.333333333333336,216.66666666666666,1.3333333333333333,19.444444444444443,69.88888888888889,69.11111111111111,21.999999999999996,7.966666666666667,41.44232804232805,L
1983,2,Sun,1:00PM ET,60,11,19.5,22.5,111.0,1.0,22.5,27.5,328.5,0.5,18.5,49.5,52.5,20.0625,2.25,39.96666666666667,27.5,47.5,217.5,0.0,17.0,26.5,269.0,1.0,2.0,31.5,74.5,16.261904761904763,10.833333333333332,37.66666666666667,L
1983,3,Sun,1:00PM ET,71,18,20.666666666666668,24.333333333333332,110.66666666666667,1.0,22.333333333333332,30.333333333333332,315.0,1.3333333333333333,24.0,41.333333333333336,57.666666666666664,18.708333333333332,2.5,40.81111111111111,23.333333333333332,40.333333333333336,176.0,0.3333333333333333,18.0,27.666666666666668,265.6666666666667,1.0,6.0,32.666666666666664,69.0,15.341269841269842,8.055555555555555,38.88888888888889,W
1983,4,Mon,9:00PM ET,61,8,19.25,23.5,96.25,1.5,21.25,30.5,312.25,1.25,26.0,43.0,57.25,17.15625,3.25,41.420833333333334,22.25,41.5,184.0,0.5,15.5,25.5,226.25,0.75,5.5,38.25,68.25,15.130952380952381,6.791666666666666,39.25000000000001,L
1983,5,Sun,1:00PM ET,66,13,20.0,27.2,109.8,1.2,20.6,30.0,322.4,1.2,22.4,38.8,60.0,17.725,7.76,42.336666666666666,21.4,36.0,151.2,0.6,17.2,29.8,242.2,1.0,11.0,42.6,67.6,15.829761904761904,7.833333333333333,39.46,W
1983,6,Sun,1:00PM ET,70,0,20.0,25.333333333333332,106.0,1.1666666666666667,20.666666666666668,31.333333333333332,304.3333333333333,1.3333333333333333,20.833333333333332,43.5,59.333333333333336,17.131944444444446,6.966666666666666,41.980555555555554,22.166666666666668,37.0,154.5,0.6666666666666666,17.833333333333332,29.666666666666668,241.0,0.8333333333333334,10.833333333333334,46.0,68.33333333333333,16.60813492063492,7.777777777777778,40.88333333333333,L
1983,7,Mon,9:00PM ET,47,11,20.428571428571427,24.285714285714285,100.85714285714286,1.0,21.0,31.428571428571427,321.14285714285717,1.2857142857142858,20.571428571428573,40.142857142857146,58.42857142857143,18.398809523809526,7.257142857142857,41.983333333333334,23.714285714285715,37.857142857142854,158.71428571428572,0.7142857142857143,19.142857142857142,31.0,263.42857142857144,0.7142857142857143,13.571428571428571,44.57142857142857,70.85714285714286,17.299036281179138,8.238095238095237,40.614285714285714,W
1983,8,Sun,1:00PM ET,48,14,21.25,24.375,99.125,1.0,21.25,32.625,328.875,1.5,25.0,38.25,60.25,18.198958333333337,7.19375,40.641666666666666,23.75,38.5,165.25,0.625,18.75,30.5,256.125,0.625,12.625,49.125,70.875,17.761656746031747,7.208333333333333,40.80833333333334,L
1983,9,Sun,4:00PM ET,46,11,20.77777777777778,23.77777777777778,96.22222222222223,1.0,20.77777777777778,32.55555555555556,319.22222222222223,1.5555555555555556,25.77777777777778,37.333333333333336,59.666666666666664,18.332407407407413,6.764814814814815,41.37037037037037,24.444444444444443,39.666666666666664,171.66666666666666,0.6666666666666666,18.88888888888889,30.333333333333332,254.77777777777777,0.5555555555555556,11.555555555555555,49.666666666666664,71.77777777777777,18.047398589065253,7.444444444444445,40.55185185185186,L
1983,10,Sun,1:00PM ET,40,6,21.3,25.4,102.0,1.0,20.7,32.6,310.1,1.7,24.4,38.1,61.2,18.232500000000005,6.688333333333333,40.90833333333333,24.4,38.2,166.4,0.7,19.7,32.3,265.8,0.7,13.2,51.7,72.5,18.009325396825396,7.05,40.62166666666667,W
1983,11,Sun,1:00PM ET,70,0,21.181818181818183,26.90909090909091,107.54545454545455,0.9090909090909091,20.0,32.09090909090909,298.27272727272725,1.6363636363636365,22.181818181818183,40.09090909090909,61.90909090909091,18.138636363636365,7.625757575757575,41.38939393939393,24.272727272727273,37.09090909090909,165.63636363636363,0.8181818181818182,19.818181818181817,32.72727272727273,269.1818181818182,0.7272727272727273,15.818181818181818,53.27272727272727,72.18181818181819,18.220598845598843,7.090909090909091,40.86818181818182,W
1983,12,Sun,1:00PM ET,51,21,20.75,26.583333333333332,106.5,1.0,19.666666666666668,32.333333333333336,286.4166666666667,1.6666666666666667,21.333333333333332,39.583333333333336,61.75,17.779861111111114,7.240277777777777,41.52361111111111,24.166666666666668,38.5,173.0,0.9166666666666666,19.333333333333332,33.0,258.25,0.9166666666666666,15.25,55.916666666666664,73.83333333333333,18.552215608465605,7.273809523809525,40.31666666666667,L
1983,13,Sun,4:00PM ET,50,10,21.615384615384617,26.76923076923077,108.61538461538461,0.9230769230769231,20.076923076923077,32.69230769230769,292.53846153846155,1.7692307692307692,19.692307692307693,41.76923076923077,62.07692307692308,17.658333333333335,6.5294871794871785,42.329487179487174,24.23076923076923,37.69230769230769,171.3846153846154,0.8461538461538461,19.53846153846154,33.15384615384615,261.6923076923077,0.9230769230769231,14.846153846153847,61.92307692307692,73.07692307692308,18.66358363858364,9.637362637362639,39.75384615384615,L
1983,14,Sun,1:00PM ET,25,6,21.5,27.214285714285715,114.0,1.0,19.785714285714285,32.857142857142854,296.2857142857143,1.7857142857142858,19.5,40.92857142857143,62.642857142857146,17.72559523809524,6.420238095238095,42.1937074829932,23.642857142857142,37.07142857142857,165.14285714285714,0.8571428571428571,19.571428571428573,33.5,264.2857142857143,0.9285714285714286,15.5,61.357142857142854,72.92857142857143,18.459041950113377,9.744897959183675,39.55,W
1983,15,Mon,9:00PM ET,67,15,21.466666666666665,27.6,112.73333333333333,1.0,20.066666666666666,33.06666666666667,295.06666666666666,1.8666666666666667,18.866666666666667,41.2,63.2,17.643888888888892,6.658888888888888,42.247460317460316,22.866666666666667,36.46666666666667,160.33333333333334,0.8,19.066666666666666,32.8,258.06666666666666,1.0666666666666667,16.133333333333333,62.0,71.66666666666667,18.111772486772487,9.273015873015874,39.529999999999994,W
1983,16,Sun,1:00PM ET,1,13,21.25,27.4375,112.9375,1.125,19.4375,32.875,293.0,2.0,20.1875,40.5,62.9375,16.991145833333334,6.480208333333333,41.96116071428571,22.875,37.3125,165.0625,0.75,18.75,32.375,252.0625,1.1875,16.9375,60.3125,72.25,18.104786706349206,9.474702380952381,39.254687499999996,L
1984,2,Sun,4:00PM ET,85,9,18.0,28.5,103.0,0.0,16.5,30.0,161.5,1.5,27.0,39.5,62.0,20.7,10.916666666666666,47.27777777777778,18.5,30.5,139.0,0.5,19.5,28.5,212.0,1.0,26.0,63.5,62.5,23.05,10.583333333333334,44.9,L
1984,3,Sun,1:00PM ET,51,9,15.333333333333334,25.333333333333332,79.33333333333333,0.0,14.666666666666666,27.666666666666668,155.0,1.3333333333333333,24.666666666666668,34.333333333333336,56.333333333333336,20.577777777777776,8.833333333333334,45.72685185185185,17.333333333333332,36.0,152.66666666666666,0.3333333333333333,18.0,27.0,198.66666666666666,1.0,19.666666666666668,73.66666666666667,65.66666666666667,20.2,10.333333333333334,43.21111111111111,L
1984,4,Sun,4:00PM ET,80,11,15.25,26.0,91.25,0.0,13.75,29.5,145.25,2.0,28.25,40.25,59.5,20.333333333333332,7.410714285714286,45.93402777777777,17.75,36.25,139.5,0.25,17.75,29.0,206.5,1.0,22.25,78.0,68.25,20.4,11.05,42.52196969696969,L
1984,5,Sun,4:00PM ET,74,6,15.8,28.6,106.4,0.2,14.2,29.8,162.6,2.2,25.8,49.4,62.0,19.952380952380953,7.1952380952380945,45.62222222222222,19.2,38.4,147.6,0.6,18.4,31.4,214.4,1.4,21.8,75.4,72.8,20.08,11.24,42.25757575757575,L
1984,6,Sun,4:00PM ET,59,9,16.166666666666668,25.833333333333332,96.5,0.16666666666666666,16.0,31.5,199.5,2.1666666666666665,24.166666666666668,55.0,60.833333333333336,19.349206349206348,7.44047619047619,44.54629629629628,20.833333333333332,38.333333333333336,140.83333333333334,0.5,20.5,34.5,241.33333333333334,1.1666666666666667,22.166666666666668,77.83333333333333,75.83333333333333,21.316666666666666,10.450000000000001,42.46464646464646,L
1984,7,Mon,9:00PM ET,32,5,17.428571428571427,25.857142857142858,93.28571428571429,0.7142857142857143,17.571428571428573,32.57142857142857,224.0,2.0,23.857142857142858,52.857142857142854,61.857142857142854,20.299319727891152,7.3061224489795915,42.80158730158729,19.285714285714285,37.285714285714285,133.85714285714286,0.42857142857142855,19.142857142857142,32.42857142857143,221.28571428571428,1.1428571428571428,19.0,78.14285714285714,72.28571428571429,20.77142857142857,8.957142857142857,41.91612554112554,L
1984,8,Sun,1:00PM ET,48,12,18.0,25.25,93.125,0.625,18.375,33.25,241.5,2.125,27.375,59.625,62.25,19.59523809523809,7.017857142857142,42.32638888888888,19.625,36.25,129.25,0.375,19.5,32.75,232.375,1.25,20.25,84.375,71.875,19.9,10.025,41.676609848484844,L
1984,9,Sun,1:00PM ET,47,19,19.333333333333332,26.666666666666668,104.44444444444444,0.5555555555555556,18.333333333333332,32.44444444444444,242.88888888888889,1.8888888888888888,25.444444444444443,63.0,62.55555555555556,19.501322751322746,7.7936507936507935,41.59567901234567,19.666666666666668,33.77777777777778,122.11111111111111,0.3333333333333333,20.11111111111111,34.44444444444444,235.88888888888889,1.4444444444444444,20.333333333333332,84.22222222222223,71.11111111111111,18.563888888888886,9.18888888888889,41.11994949494949,W
1984,10,Sun,1:00PM ET,70,0,19.4,27.6,114.7,0.5,18.0,32.0,235.9,1.7,23.6,66.5,62.8,19.384523809523806,8.014285714285714,41.41611111111111,20.0,33.8,128.5,0.4,19.9,34.2,228.6,1.5,20.5,78.9,70.8,18.2075,9.103333333333333,41.932954545454535,W
1984,11,Sun,1:00PM ET,35,22,20.0,28.363636363636363,123.45454545454545,0.45454545454545453,18.454545454545453,32.81818181818182,242.9090909090909,1.6363636363636365,22.454545454545453,61.36363636363637,64.27272727272727,19.395021645021643,8.012987012987013,41.74191919191919,19.454545454545453,33.27272727272727,126.81818181818181,0.45454545454545453,19.818181818181817,34.45454545454545,224.45454545454547,1.4545454545454546,20.545454545454547,72.18181818181819,70.54545454545455,18.143181818181816,8.457575757575757,41.30268595041321,W
1984,12,Sun,1:00PM ET,34,13,19.833333333333332,28.416666666666668,123.33333333333333,0.4166666666666667,18.166666666666668,32.333333333333336,238.83333333333334,1.6666666666666667,20.75,59.166666666666664,63.666666666666664,19.52876984126984,7.761904761904762,41.09675925925925,19.166666666666668,33.083333333333336,130.08333333333334,0.5,19.5,34.5,217.41666666666666,1.5833333333333333,19.583333333333332,75.25,70.25,18.597916666666666,8.08611111111111,40.69412878787878,W
1984,13,Thu,12:30PM ET,70,0,19.384615384615383,27.46153846153846,122.23076923076923,0.38461538461538464,17.76923076923077,31.692307692307693,237.0,1.6923076923076923,20.53846153846154,57.30769230769231,62.0,19.5496336996337,7.164835164835164,41.22393162393162,20.23076923076923,34.07692307692308,134.3846153846154,0.5384615384615384,19.923076923076923,34.46153846153846,227.84615384615384,1.5384615384615385,18.076923076923077,74.92307692307692,71.0,18.109615384615385,7.464102564102564,40.6791958041958,L
1984,14,Sun,1:00PM ET,27,12,19.428571428571427,27.857142857142858,121.07142857142857,0.42857142857142855,17.785714285714285,31.714285714285715,234.71428571428572,1.7857142857142858,19.071428571428573,57.857142857142854,62.214285714285715,19.581802721088433,7.081632653061225,41.17936507936508,20.142857142857142,33.785714285714285,131.92857142857142,0.7857142857142857,20.142857142857142,34.785714285714285,226.28571428571428,1.5714285714285714,19.0,76.35714285714286,71.07142857142857,17.4875,7.145238095238095,40.618777056277054,W
1984,15,Sun,1:00PM ET,31,7,19.266666666666666,28.0,120.33333333333333,0.4,17.466666666666665,31.666666666666668,232.4,1.8,19.333333333333332,57.93333333333333,62.333333333333336,21.16523809523809,7.098412698412698,41.267407407407404,20.466666666666665,34.93333333333333,138.33333333333334,0.9333333333333333,19.533333333333335,34.266666666666666,217.93333333333334,1.6,19.6,73.26666666666667,71.86666666666666,17.188333333333333,6.9688888888888885,40.699747474747475,W
1984,16,Sun,1:00PM ET,70,0,19.6875,28.8125,126.1875,0.4375,17.5625,31.625,233.75,1.875,19.375,57.1875,63.0625,20.842410714285712,7.029761904761904,41.15694444444444,20.1875,34.0625,134.0625,0.9375,19.6875,34.4375,216.875,1.6875,20.25,70.5625,71.25,17.00691964285714,7.033333333333333,41.13101325757576,W
1985,2,Sun,4:00PM ET,56,8,18.0,30.0,92.5,1.0,14.5,28.0,196.5,1.0,41.5,54.0,63.5,16.53333333333333,11.05,41.36904761904761,21.5,31.0,142.0,2.5,21.0,34.0,256.5,0.5,36.0,66.0,69.5,16.0,6.1,46.6875,W
1985,3,Sun,4:00PM ET,64,13,15.333333333333334,28.333333333333332,85.33333333333333,1.3333333333333333,14.333333333333334,29.666666666666668,187.0,1.3333333333333333,43.0,58.666666666666664,63.333333333333336,19.57777777777778,12.033333333333333,42.17195767195767,19.333333333333332,33.666666666666664,130.0,1.6666666666666667,18.666666666666668,31.666666666666668,217.0,0.3333333333333333,30.0,52.333333333333336,69.33333333333333,17.166666666666668,7.733333333333333,45.416666666666664,L
1985,4,Sun,1:00PM ET,65,13,17.5,27.5,118.0,1.25,16.25,31.75,203.25,1.5,35.75,55.5,63.75,19.808333333333334,10.775,38.328968253968256,20.5,33.25,138.5,1.5,19.0,33.25,227.75,0.25,29.25,54.25,70.25,17.5625,8.3,46.3125,L
1985,5,Sun,1:00PM ET,44,11,20.0,31.4,151.4,1.2,16.4,31.0,210.0,1.2,30.6,51.2,66.2,19.096666666666668,8.620000000000001,38.82317460317461,20.2,29.8,122.0,2.0,20.6,34.6,253.6,0.6,31.4,52.4,68.2,17.175,8.040000000000001,45.15,W
1985,6,Sun,1:00PM ET,57,10,19.666666666666668,31.5,148.66666666666666,1.1666666666666667,16.166666666666668,31.0,202.66666666666666,1.3333333333333333,29.0,50.166666666666664,66.16666666666667,19.288888888888888,7.808333333333334,39.51931216931217,19.833333333333332,29.5,112.0,1.8333333333333333,20.5,35.0,250.83333333333334,0.8333333333333334,28.5,47.0,68.0,17.212500000000002,7.616666666666667,45.025,W
1985,7,Mon,9:00PM ET,54,10,19.142857142857142,30.714285714285715,141.14285714285714,1.1428571428571428,15.857142857142858,31.0,209.42857142857142,1.7142857142857142,28.714285714285715,53.0,65.57142857142857,18.533333333333335,7.264285714285714,39.80226757369615,20.428571428571427,31.142857142857142,121.0,2.142857142857143,19.714285714285715,34.57142857142857,239.57142857142858,0.7142857142857143,25.142857142857142,46.714285714285715,69.14285714285714,17.039285714285715,8.385714285714286,46.392857142857146,L
1985,8,Sun,1:00PM ET,70,0,18.875,28.875,132.75,1.25,16.375,33.0,211.375,2.0,27.875,49.875,65.625,18.10952380952381,7.98125,39.53531746031746,20.875,32.375,134.625,2.125,19.75,34.125,244.5,0.625,23.625,47.625,69.625,18.32604166666667,8.43125,46.40625,L
1985,9,Sun,1:00PM ET,42,11,18.444444444444443,28.77777777777778,127.66666666666667,1.1111111111111112,15.777777777777779,32.22222222222222,207.77777777777777,1.8888888888888888,27.444444444444443,51.666666666666664,64.66666666666667,17.764021164021166,7.788888888888888,39.10546737213404,20.333333333333332,32.888888888888886,140.55555555555554,2.0,18.555555555555557,32.55555555555556,227.44444444444446,0.5555555555555556,23.88888888888889,50.111111111111114,68.55555555555556,18.678703703703704,8.494444444444445,45.56944444444444,L
1985,10,Sun,1:00PM ET,70,0,18.6,28.9,132.4,1.1,15.6,31.4,208.0,1.7,26.2,50.7,63.8,18.012619047619047,8.209999999999999,39.59492063492063,20.2,33.0,144.2,1.9,17.9,31.9,218.8,0.7,22.2,51.0,67.8,19.260833333333334,7.745,45.6625,W
1985,11,Sun,1:00PM ET,40,17,19.272727272727273,29.636363636363637,132.8181818181818,1.0,16.272727272727273,31.818181818181817,217.27272727272728,1.7272727272727273,25.09090909090909,49.09090909090909,64.81818181818181,17.784199134199135,8.845454545454546,39.018109668109666,19.454545454545453,31.454545454545453,137.9090909090909,1.7272727272727273,18.0,32.36363636363637,216.45454545454547,0.6363636363636364,25.727272727272727,50.36363636363637,67.0,19.899458874458876,7.7681818181818185,45.14772727272727,W
1985,12,Sun,4:00PM ET,56,11,19.333333333333332,28.666666666666668,128.25,0.9166666666666666,16.583333333333332,32.166666666666664,219.08333333333334,1.6666666666666667,26.0,49.25,64.33333333333333,17.607738095238094,8.108333333333333,39.421362433862434,19.5,32.333333333333336,142.0,1.6666666666666667,17.75,31.25,210.91666666666666,0.5833333333333334,24.25,52.0,66.58333333333333,23.602281746031746,8.3375,44.802083333333336,L
1985,13,Sun,1:00PM ET,28,21,20.23076923076923,29.23076923076923,136.23076923076923,1.0,17.0,32.46153846153846,225.23076923076923,1.6923076923076923,25.46153846153846,49.76923076923077,65.07692307692308,19.33021978021978,7.971794871794871,38.54279609279609,18.384615384615383,31.307692307692307,135.23076923076923,1.5384615384615385,17.0,30.153846153846153,198.76923076923077,0.6153846153846154,25.615384615384617,48.76923076923077,64.61538461538461,23.094413919413917,7.696153846153846,44.15384615384615,W
1985,14,Sun,1:00PM ET,18,5,20.214285714285715,29.214285714285715,135.42857142857142,1.0714285714285714,17.214285714285715,32.642857142857146,226.78571428571428,1.7142857142857142,24.071428571428573,48.357142857142854,65.07142857142857,19.937585034013605,7.759523809523809,37.98021541950113,18.785714285714285,30.642857142857142,130.07142857142858,1.5714285714285714,17.928571428571427,31.142857142857142,209.21428571428572,0.6428571428571429,23.785714285714285,48.642857142857146,64.71428571428571,23.116241496598636,7.396428571428571,43.904761904761905,L
1985,15,Sun,1:00PM ET,70,0,20.0,29.333333333333332,137.93333333333334,1.0666666666666667,16.733333333333334,32.0,222.26666666666668,1.6666666666666667,24.2,49.06666666666667,64.46666666666667,20.563968253968252,8.542222222222222,38.30153439153438,19.2,30.733333333333334,130.53333333333333,1.5333333333333334,18.266666666666666,31.466666666666665,215.46666666666667,0.8666666666666667,23.133333333333333,50.8,65.06666666666666,23.208492063492063,7.343333333333333,43.511111111111106,W
1985,16,Sun,1:00PM ET,46,8,19.875,29.375,138.0,1.125,16.6875,32.0625,222.0,1.6875,24.3125,49.875,64.5625,20.606845238095236,9.383333333333333,38.83268849206348,19.375,30.875,127.9375,1.5625,18.4375,31.8125,219.3125,0.9375,23.9375,49.375,65.6875,22.789211309523807,7.6343749999999995,43.213541666666664,W
1986,2,Sun,1:00PM ET,70,0,14.5,21.0,70.0,0.5,19.0,41.0,225.0,4.0,4.0,22.5,62.5,15.5,2.3333333333333335,36.75,18.0,46.0,127.5,0.5,11.5,17.5,209.0,1.5,4.5,27.5,64.0,22.916666666666664,3.0,40.8,L
1986,3,Mon,9:00PM ET,65,14,15.0,20.333333333333332,62.333333333333336,0.3333333333333333,20.333333333333332,42.0,237.33333333333334,3.0,13.0,30.0,64.0,19.933333333333334,1.777777777777778,37.233333333333334,18.0,41.0,122.66666666666667,0.6666666666666666,13.333333333333334,20.666666666666668,200.33333333333334,1.3333333333333333,3.0,29.0,62.0,22.055555555555554,3.1666666666666665,43.26666666666667,L
1986,4,Sun,1:00PM ET,70,0,15.0,21.5,67.25,0.75,18.25,38.5,218.75,2.75,16.0,39.25,62.25,20.414285714285715,3.3333333333333335,36.50833333333333,19.75,38.75,113.5,0.5,14.75,23.0,226.75,1.25,4.5,41.25,62.25,21.666666666666664,4.625,42.825,L
1986,5,Sun,1:00PM ET,50,15,16.8,22.2,68.8,0.8,18.4,37.0,230.2,2.4,17.4,41.4,61.6,19.63142857142857,7.566666666666667,37.526666666666664,21.0,40.4,129.8,0.6,14.8,23.2,222.8,1.0,8.4,40.2,64.6,20.133333333333333,5.6,42.11,L
1986,6,Sun,1:00PM ET,55,13,16.666666666666668,21.0,64.66666666666667,0.8333333333333334,19.5,37.833333333333336,234.0,2.1666666666666665,17.5,49.333333333333336,61.166666666666664,20.23452380952381,6.972222222222222,38.37222222222222,21.666666666666668,42.333333333333336,147.5,0.5,14.833333333333334,22.5,202.66666666666666,1.0,7.0,37.666666666666664,65.66666666666667,18.833333333333332,5.733333333333333,40.63333333333333,L
1986,7,Sun,1:00PM ET,43,6,17.0,22.142857142857142,69.14285714285714,0.8571428571428571,19.714285714285715,36.285714285714285,240.14285714285714,1.8571428571428572,16.857142857142858,47.285714285714285,60.57142857142857,20.248639455782314,7.226190476190476,37.53333333333334,20.571428571428573,39.42857142857143,131.0,0.5714285714285714,16.857142857142858,24.571428571428573,209.71428571428572,1.0,8.714285714285714,38.0,65.14285714285714,19.571428571428573,6.104761904761905,40.68571428571429,W
1986,8,Sun,1:00PM ET,52,15,18.5,23.75,79.5,0.875,21.25,38.875,253.25,2.0,18.875,55.25,64.875,19.613392857142856,6.416666666666667,37.71666666666667,20.0,37.5,126.125,0.75,16.875,25.125,201.875,1.0,9.75,37.0,63.875,19.0,6.060416666666667,40.725,L
1986,9,Sun,1:00PM ET,52,9,17.666666666666668,23.77777777777778,77.44444444444444,1.0,20.88888888888889,38.55555555555556,247.0,2.0,18.77777777777778,56.55555555555556,64.66666666666667,19.36005291005291,5.703703703703704,38.24814814814815,19.88888888888889,37.44444444444444,126.11111111111111,0.8888888888888888,17.22222222222222,25.88888888888889,201.11111111111111,0.8888888888888888,8.666666666666666,37.888888888888886,64.44444444444444,21.333333333333332,6.470370370370371,40.394444444444446,L
1986,10,Sun,1:00PM ET,30,24,17.7,24.8,83.7,1.0,20.6,37.5,237.7,1.9,18.2,56.9,64.6,19.54904761904762,5.483333333333333,38.656666666666666,19.6,37.1,122.2,0.9,16.8,25.6,197.7,0.8,7.8,39.6,63.7,20.85,5.823333333333333,40.13,L
1986,11,Sun,1:00PM ET,36,11,18.272727272727273,25.818181818181817,90.0909090909091,1.0,20.545454545454547,37.09090909090909,241.8181818181818,2.0,16.545454545454547,57.63636363636363,65.0,18.953679653679654,6.3939393939393945,39.38484848484848,19.272727272727273,35.63636363636363,116.81818181818181,0.9090909090909091,17.09090909090909,26.454545454545453,201.0,0.9090909090909091,10.181818181818182,40.54545454545455,63.54545454545455,20.37878787878788,5.293939393939394,40.39090909090909,W
1986,12,Sun,1:00PM ET,41,13,17.666666666666668,25.75,90.0,1.0,19.666666666666668,36.416666666666664,234.0,2.0,18.666666666666668,57.0,64.58333333333333,19.318650793650793,5.9444444444444455,39.28134920634921,18.916666666666668,35.833333333333336,123.58333333333333,1.0,16.916666666666668,27.416666666666668,192.75,1.0833333333333333,9.333333333333334,39.666666666666664,64.58333333333333,20.13888888888889,5.386111111111112,39.84166666666667,L
1986,13,Thu,12:30PM ET,70,0,17.692307692307693,25.76923076923077,90.38461538461539,1.0769230769230769,19.53846153846154,35.61538461538461,238.0,1.9230769230769231,18.307692307692307,60.69230769230769,63.76923076923077,19.14029304029304,9.833333333333334,40.375091575091574,19.153846153846153,35.76923076923077,122.07692307692308,0.9230769230769231,17.076923076923077,28.153846153846153,197.6153846153846,1.1538461538461537,10.307692307692308,41.15384615384615,65.3076923076923,19.923076923076923,5.625641025641026,40.00769230769231,W
1986,14,Sun,1:00PM ET,28,6,17.785714285714285,26.357142857142858,94.21428571428571,1.2142857142857142,19.428571428571427,35.785714285714285,237.07142857142858,1.7857142857142858,17.142857142857142,58.142857142857146,64.57142857142857,19.0078231292517,9.916666666666668,40.27687074829932,19.214285714285715,35.714285714285715,124.57142857142857,0.8571428571428571,16.785714285714285,27.928571428571427,194.42857142857142,1.1428571428571428,10.071428571428571,40.714285714285715,65.0,20.047619047619047,5.866666666666667,39.50714285714286,L
1986,15,Sun,1:00PM ET,63,11,17.933333333333334,27.0,99.66666666666667,1.1333333333333333,19.066666666666666,35.266666666666666,233.93333333333334,1.6666666666666667,17.133333333333333,57.0,64.66666666666667,19.007301587301587,9.422222222222222,40.375079365079365,18.866666666666667,34.666666666666664,124.6,0.8,16.6,28.066666666666666,193.13333333333333,1.2,13.266666666666667,41.13333333333333,64.46666666666667,20.07777777777778,5.728888888888889,39.748333333333335,W
1986,16,Sat,12:30PM ET,39,13,17.875,26.5,100.875,1.125,19.0625,35.3125,231.75,1.6875,16.3125,59.3125,64.125,19.173511904761906,8.645833333333334,40.476636904761904,19.5625,35.3125,130.9375,0.75,16.6875,28.0,196.375,1.25,13.875,41.0625,65.0625,19.99791666666667,5.605208333333334,40.7015625,L
1987,2,Sun,1:00PM ET,55,9,11.5,29.0,100.0,0.5,10.0,24.5,117.5,1.5,27.0,70.0,57.0,20.166666666666664,3.7,42.28333333333333,25.0,46.5,195.0,1.5,20.5,36.0,197.0,1.5,6.5,54.0,85.0,17.5,6.15,40.48214285714286,T
1987,4,Sun,4:00PM ET,70,0,13.0,32.666666666666664,115.66666666666667,0.3333333333333333,10.666666666666666,23.333333333333332,133.0,1.0,21.666666666666668,79.0,59.0,20.0,2.6333333333333333,38.911111111111104,22.333333333333332,39.333333333333336,162.0,1.3333333333333333,18.666666666666668,32.666666666666664,210.0,1.3333333333333333,10.0,56.0,74.66666666666667,17.333333333333332,9.322222222222223,38.404761904761905,W
1987,5,Sun,1:00PM ET,35,9,13.75,33.5,124.5,0.75,12.25,25.0,140.75,1.0,26.75,87.75,62.5,19.9,4.891666666666667,38.90208333333333,22.0,40.0,152.0,1.5,18.75,34.25,213.5,1.0,8.5,51.75,76.5,18.1,7.679166666666667,37.30357142857143,L
1987,6,Sun,1:00PM ET,46,11,15.0,34.6,134.6,1.0,13.2,25.6,165.4,1.2,29.0,84.2,64.6,19.169999999999998,7.513333333333333,38.05499999999999,21.0,38.0,149.8,1.4,18.4,33.6,217.6,1.6,8.8,59.2,73.6,17.213333333333335,7.1433333333333335,38.20285714285715,W
1987,7,Sun,1:00PM ET,70,0,16.333333333333332,35.166666666666664,140.83333333333334,1.1666666666666667,14.166666666666666,26.166666666666668,191.66666666666666,1.1666666666666667,29.166666666666668,73.5,65.5,18.441666666666666,6.76111111111111,39.4625,21.333333333333332,33.666666666666664,127.66666666666667,1.3333333333333333,20.833333333333332,35.833333333333336,241.66666666666666,1.3333333333333333,11.666666666666666,54.333333333333336,71.66666666666667,17.74027777777778,5.952777777777778,39.53015873015873,W
1987,8,Sun,1:00PM ET,51,9,17.142857142857142,33.57142857142857,133.42857142857142,1.2857142857142858,14.571428571428571,27.142857142857142,193.42857142857142,1.0,27.0,75.14285714285714,64.71428571428571,18.12142857142857,6.366666666666666,39.53928571428571,21.142857142857142,34.714285714285715,122.14285714285714,1.1428571428571428,20.285714285714285,35.0,235.28571428571428,1.2857142857142858,11.0,56.142857142857146,71.71428571428571,17.348809523809525,6.530952380952381,39.41870748299319,L
1987,9,Sun,1:00PM ET,44,10,17.125,32.375,122.0,1.25,15.25,29.0,206.5,0.875,23.625,81.375,64.875,18.506249999999998,6.945833333333333,39.346875,21.25,34.5,119.875,1.0,20.375,35.875,238.25,1.375,11.125,57.625,72.375,17.221875,6.214583333333334,40.991369047619045,L
1987,10,Sun,4:00PM ET,70,0,16.666666666666668,31.555555555555557,119.55555555555556,1.4444444444444444,15.11111111111111,29.666666666666668,207.33333333333334,1.0,22.77777777777778,80.11111111111111,64.66666666666667,18.805555555555554,6.729629629629629,39.53055555555555,20.666666666666668,35.333333333333336,128.0,1.1111111111111112,19.11111111111111,33.55555555555556,223.44444444444446,1.5555555555555556,11.777777777777779,58.0,71.0,18.058333333333334,5.996296296296297,41.7478835978836,L
1987,11,Sun,1:00PM ET,51,21,16.4,32.1,118.4,1.4,14.5,29.3,203.1,0.9,20.5,79.7,64.5,17.525,6.489999999999999,39.84416666666666,19.6,34.2,126.8,1.2,18.6,33.6,213.6,1.5,14.6,57.7,70.2,17.6525,6.713333333333334,41.81595238095238,W
1987,12,Sun,1:00PM ET,42,11,16.727272727272727,31.90909090909091,117.72727272727273,1.2727272727272727,14.818181818181818,29.90909090909091,207.8181818181818,1.0,20.272727272727273,80.45454545454545,64.9090909090909,16.749999999999996,6.081818181818181,39.25227272727272,19.636363636363637,34.27272727272727,126.81818181818181,1.2727272727272727,18.363636363636363,33.0,211.9090909090909,1.4545454545454546,13.545454545454545,60.54545454545455,69.54545454545455,18.01742424242424,6.693939393939394,41.33268398268398,L
1987,13,Sun,1:00PM ET,27,5,16.833333333333332,31.75,123.58333333333333,1.3333333333333333,15.166666666666666,30.083333333333332,202.66666666666666,1.1666666666666667,20.166666666666668,76.25,65.0,16.87083333333333,5.68611111111111,38.918749999999996,19.833333333333332,34.583333333333336,128.16666666666666,1.4166666666666667,19.0,33.166666666666664,219.91666666666666,1.4166666666666667,13.416666666666666,59.75,70.0,17.377083333333335,6.927777777777778,41.02162698412699,L
1987,14,Sun,1:00PM ET,33,17,17.0,31.846153846153847,123.38461538461539,1.2307692307692308,15.384615384615385,30.153846153846153,201.84615384615384,1.1538461538461537,19.615384615384617,73.6923076923077,65.07692307692308,16.444871794871794,5.556410256410255,38.89423076923077,19.384615384615383,34.30769230769231,128.07692307692307,1.4615384615384615,18.615384615384617,32.23076923076923,215.92307692307693,1.3076923076923077,12.846153846153847,56.69230769230769,68.6923076923077,17.44423076923077,7.087179487179488,40.51996336996338,W
1987,15,Sat,12:30PM ET,37,12,16.5,31.142857142857142,119.85714285714286,1.1428571428571428,15.714285714285714,30.428571428571427,197.0,1.1428571428571428,20.285714285714285,72.57142857142857,64.71428571428571,16.913095238095234,7.23095238095238,39.00892857142857,19.5,34.42857142857143,126.85714285714286,1.5714285714285714,18.785714285714285,31.785714285714285,217.14285714285714,1.2142857142857142,13.214285714285714,55.142857142857146,68.5,17.698214285714286,7.057142857142858,40.25425170068028,L
1987,16,Sun,1:00PM ET,70,0,16.533333333333335,30.933333333333334,120.06666666666666,1.2,15.6,30.333333333333332,198.46666666666667,1.1333333333333333,19.733333333333334,73.53333333333333,64.26666666666667,16.885555555555552,6.948888888888888,39.44833333333334,19.666666666666668,34.733333333333334,128.0,1.6,18.6,31.266666666666666,213.33333333333334,1.2,13.133333333333333,56.8,68.26666666666667,18.625,7.403333333333334,40.21507936507937,L
1988,2,Sun,1:00PM ET,63,9,12.5,21.0,68.5,3.0,19.0,30.5,180.0,1.5,24.0,60.5,55.0,23.0,3.1666666666666665,38.16666666666667,18.0,36.5,131.0,1.5,15.0,26.0,159.5,0.0,12.5,42.5,64.5,10.583333333333332,15.0,36.8,L
1988,3,Sun,1:00PM ET,84,12,15.666666666666666,22.333333333333332,71.66666666666667,2.0,22.333333333333332,34.666666666666664,216.33333333333334,1.0,25.666666666666668,45.333333333333336,60.666666666666664,21.88888888888889,4.111111111111111,36.644444444444446,17.666666666666668,30.666666666666668,120.0,1.3333333333333333,17.333333333333332,28.333333333333332,193.33333333333334,0.6666666666666666,10.0,36.0,60.666666666666664,15.388888888888888,17.333333333333332,38.199999999999996,L
1988,4,Sun,1:00PM ET,58,10,15.75,20.75,62.25,1.75,21.5,36.25,222.75,1.25,30.0,43.25,61.0,20.26666666666667,3.083333333333333,39.858333333333334,18.75,35.75,150.5,1.25,15.75,26.25,174.25,1.0,7.75,35.75,63.5,17.291666666666664,15.5,36.15,L
1988,5,Sun,1:00PM ET,80,8,17.0,21.0,64.2,1.6,23.0,39.4,253.6,1.4,28.6,46.6,64.2,21.413333333333334,2.0666666666666664,39.22,18.4,33.4,137.4,1.2,16.6,28.4,199.4,1.6,9.6,40.6,63.4,17.299999999999997,13.4,35.07,L
1988,6,Sun,1:00PM ET,53,7,18.0,23.833333333333332,88.0,1.3333333333333333,22.166666666666668,37.166666666666664,246.33333333333334,1.1666666666666667,26.833333333333332,46.666666666666664,64.66666666666667,21.427777777777777,1.9444444444444444,39.88333333333333,17.666666666666668,31.0,127.16666666666667,1.0,17.0,30.333333333333332,198.66666666666666,2.1666666666666665,8.666666666666666,46.333333333333336,62.833333333333336,18.479166666666664,11.833333333333334,34.958333333333336,W
1988,7,Sun,1:00PM ET,70,0,18.571428571428573,26.857142857142858,93.28571428571429,1.2857142857142858,21.714285714285715,36.42857142857143,245.85714285714286,1.1428571428571428,24.857142857142858,47.142857142857146,66.71428571428571,20.795238095238094,3.3809523809523805,40.25714285714286,18.0,28.714285714285715,118.57142857142857,1.4285714285714286,17.428571428571427,31.428571428571427,211.0,2.0,11.428571428571429,58.142857142857146,61.857142857142854,18.982142857142858,11.214285714285714,35.607142857142854,W
1988,8,Sun,4:00PM ET,43,14,17.5,25.625,91.875,1.125,20.0,35.125,231.875,1.0,23.125,47.375,64.125,21.008333333333333,4.708333333333333,40.00625,18.5,29.5,123.75,1.5,18.375,32.75,212.75,1.875,10.0,63.875,63.75,18.421875,10.395833333333334,35.4375,L
1988,9,Sun,1:00PM ET,37,15,16.666666666666668,25.0,90.22222222222223,1.3333333333333333,19.0,34.44444444444444,216.44444444444446,1.0,24.88888888888889,45.333333333333336,63.111111111111114,20.229629629629628,4.962962962962963,40.27716049382716,18.444444444444443,31.666666666666668,131.66666666666666,1.4444444444444444,17.444444444444443,30.666666666666668,198.0,1.8888888888888888,10.444444444444445,62.333333333333336,64.0,18.59722222222222,9.518518518518519,35.13492063492063,L
1988,10,Sun,1:00PM ET,53,13,16.3,24.7,91.3,1.5,18.8,34.8,213.4,1.3,22.7,46.0,62.9,20.339999999999996,4.916666666666666,39.769444444444446,18.4,32.3,134.9,1.4,17.2,30.1,195.9,1.9,9.4,57.6,63.9,19.5375,8.566666666666666,35.581428571428575,L
1988,11,Sun,1:00PM ET,38,13,16.818181818181817,24.454545454545453,91.9090909090909,1.7272727272727273,19.272727272727273,35.36363636363637,213.63636363636363,1.1818181818181819,22.181818181818183,44.54545454545455,63.36363636363637,20.036363636363635,4.803030303030303,39.00858585858586,18.0,32.72727272727273,135.0,1.3636363636363635,16.545454545454547,29.0,190.36363636363637,1.7272727272727273,10.727272727272727,60.09090909090909,63.36363636363637,19.912878787878785,7.787878787878788,35.23766233766234,L
1988,12,Sun,1:00PM ET,38,13,17.416666666666668,23.75,88.58333333333333,1.75,20.166666666666668,36.166666666666664,223.08333333333334,1.1666666666666667,22.25,47.833333333333336,63.416666666666664,19.616666666666664,4.402777777777778,38.61898148148148,17.75,33.083333333333336,136.75,1.3333333333333333,16.0,28.25,184.41666666666666,1.5833333333333333,10.25,59.666666666666664,62.916666666666664,19.67013888888889,7.805555555555556,36.30119047619048,L
1988,13,Sun,1:00PM ET,43,20,16.76923076923077,22.76923076923077,83.46153846153847,1.6153846153846154,19.692307692307693,35.69230769230769,220.07692307692307,1.2307692307692308,21.846153846153847,46.92307692307692,62.0,19.415384615384614,4.679487179487179,38.60213675213675,18.076923076923077,33.69230769230769,142.6153846153846,1.3846153846153846,16.153846153846153,28.846153846153847,184.84615384615384,1.4615384615384615,11.846153846153847,59.53846153846154,64.23076923076923,19.541666666666664,7.512820512820513,37.57032967032968,L
1988,14,Sun,1:00PM ET,70,0,17.071428571428573,22.285714285714285,84.07142857142857,1.7142857142857142,20.357142857142858,36.857142857142854,224.64285714285714,1.3571428571428572,21.428571428571427,49.642857142857146,62.57142857142857,19.283673469387754,4.345238095238095,38.459126984126975,17.857142857142858,33.42857142857143,139.14285714285714,1.3571428571428572,15.785714285714286,28.571428571428573,181.71428571428572,1.3571428571428572,12.071428571428571,59.214285714285715,63.714285714285715,19.2172619047619,7.642857142857143,38.06530612244899,L
1988,15,Sun,1:00PM ET,6,9,17.2,23.266666666666666,84.93333333333334,1.6666666666666667,20.066666666666666,36.4,223.6,1.4666666666666666,20.533333333333335,48.333333333333336,62.93333333333333,18.864761904761902,4.555555555555555,38.33518518518518,17.666666666666668,32.46666666666667,132.8,1.3333333333333333,16.066666666666666,29.4,185.13333333333333,1.3333333333333333,12.733333333333333,56.93333333333333,63.666666666666664,19.13611111111111,7.6,37.820952380952384,W
1988,16,Sun,4:00PM ET,60,7,17.5,24.0625,86.1875,1.625,19.9375,36.375,225.5625,1.5,20.25,49.0625,63.625,18.951339285714283,5.5625,38.25173611111111,17.5625,32.125,131.875,1.3125,16.0,29.625,184.3125,1.25,13.5,56.4375,63.625,18.955729166666664,8.166666666666666,37.93928571428572,W
1989,2,Sun,1:00PM ET,60,7,23.0,22.0,126.0,0.5,21.0,29.5,287.0,2.0,7.5,47.5,53.5,18.875,5.5,39.0,23.5,32.0,113.5,0.5,22.5,29.5,243.5,0.5,0.0,37.5,61.5,20.566666666666663,1.0,34.91666666666667,W
1989,3,Sun,4:00PM ET,64,10,25.0,22.333333333333332,122.66666666666667,1.0,22.333333333333332,34.0,303.0,2.3333333333333335,8.0,38.333333333333336,58.666666666666664,21.45,7.111111111111112,38.5,22.333333333333332,32.333333333333336,148.0,0.3333333333333333,21.333333333333332,30.0,241.66666666666666,1.0,5.0,54.0,63.0,21.15555555555555,5.666666666666667,36.27777777777778,L
1989,4,Sun,1:00PM ET,61,10,25.5,25.5,130.25,0.75,21.5,34.25,301.0,2.25,6.0,34.75,61.5,20.004166666666666,6.833333333333334,37.625,21.0,30.0,129.75,0.25,21.0,29.75,254.75,1.0,12.75,51.75,61.5,20.449999999999996,6.25,37.16666666666667,W
1989,5,Sun,1:00PM ET,39,8,26.0,29.4,142.0,0.8,21.4,33.8,303.4,1.8,4.8,32.8,64.6,19.803333333333335,6.666666666666667,37.36666666666667,19.2,26.6,112.8,0.4,20.4,29.6,242.4,1.0,15.2,45.4,58.2,23.159999999999997,6.2,37.7047619047619,W
1989,6,Sun,1:00PM ET,70,0,23.5,27.5,129.66666666666666,0.8333333333333334,19.333333333333332,32.166666666666664,285.8333333333333,1.8333333333333333,11.833333333333334,40.166666666666664,62.166666666666664,19.269444444444446,7.222222222222222,38.838888888888896,19.5,29.333333333333332,133.66666666666666,0.5,19.333333333333332,28.666666666666668,230.66666666666666,1.0,14.666666666666666,48.5,59.833333333333336,22.355555555555554,7.222222222222222,39.86507936507936,L
1989,7,Sun,1:00PM ET,69,15,23.142857142857142,26.571428571428573,122.71428571428571,0.7142857142857143,20.285714285714285,33.57142857142857,276.57142857142856,1.5714285714285714,11.0,40.142857142857146,62.57142857142857,18.89761904761905,8.190476190476192,39.71904761904762,20.142857142857142,29.142857142857142,129.57142857142858,0.5714285714285714,20.0,29.857142857142858,245.28571428571428,1.1428571428571428,12.571428571428571,48.0,60.57142857142857,22.51904761904762,7.6190476190476195,40.098639455782305,L
1989,8,Sun,1:00PM ET,61,13,23.25,25.75,116.875,0.75,21.375,35.0,287.875,1.5,12.375,38.875,63.375,18.316666666666666,8.416666666666668,40.44166666666667,20.25,29.75,139.625,0.625,19.25,29.625,239.75,1.125,12.125,53.125,60.875,21.99583333333333,8.416666666666668,40.08630952380952,W
1989,9,Sun,1:00PM ET,47,14,22.77777777777778,24.555555555555557,111.55555555555556,0.7777777777777778,21.555555555555557,35.55555555555556,289.1111111111111,1.4444444444444444,14.222222222222221,39.55555555555556,63.0,18.30925925925926,8.703703703703704,41.318518518518516,20.11111111111111,30.22222222222222,138.88888888888889,0.5555555555555556,18.88888888888889,29.666666666666668,235.66666666666666,1.0,12.444444444444445,53.888888888888886,61.44444444444444,21.607407407407404,8.74074074074074,39.52116402116402,W
1989,10,Sun,1:00PM ET,70,0,23.5,24.8,110.8,0.9,22.9,38.0,296.6,1.5,16.4,40.1,65.9,18.078333333333333,8.573333333333334,40.861666666666665,18.9,29.5,132.4,0.6,17.7,28.2,219.8,1.0,13.5,54.6,59.5,22.446666666666665,13.066666666666668,40.402380952380945,L
1989,11,Sun,4:00PM ET,59,4,23.272727272727273,25.363636363636363,110.63636363636364,0.9090909090909091,22.454545454545453,37.27272727272727,283.54545454545456,1.3636363636363635,16.181818181818183,38.72727272727273,65.63636363636364,18.07121212121212,9.066666666666668,40.36515151515152,19.181818181818183,28.272727272727273,126.81818181818181,0.8181818181818182,18.818181818181817,29.454545454545453,229.36363636363637,1.0,15.545454545454545,56.18181818181818,59.90909090909091,22.466666666666665,12.606060606060607,40.86580086580086,W
1989,12,Sun,1:00PM ET,37,9,22.666666666666668,25.166666666666668,108.41666666666667,0.8333333333333334,22.75,37.083333333333336,282.9166666666667,1.3333333333333333,17.166666666666668,38.083333333333336,65.33333333333333,18.54861111111111,9.22777777777778,40.668055555555554,19.416666666666668,28.166666666666668,122.58333333333333,0.75,19.166666666666668,30.166666666666668,236.0,1.0833333333333333,14.916666666666666,54.416666666666664,60.5,21.94861111111111,12.555555555555557,40.47698412698412,W
1989,13,Sun,1:00PM ET,59,12,22.384615384615383,24.76923076923077,104.76923076923077,0.8461538461538461,22.923076923076923,38.30769230769231,286.61538461538464,1.3846153846153846,17.076923076923077,42.38461538461539,66.07692307692308,18.29102564102564,9.229487179487181,40.479914529914524,19.307692307692307,28.076923076923077,119.92307692307692,0.6923076923076923,19.153846153846153,30.846153846153847,232.30769230769232,1.3846153846153846,15.153846153846153,52.92307692307692,61.23076923076923,21.644871794871793,13.205128205128206,40.68388278388277,W
1989,14,Sun,1:00PM ET,26,11,21.571428571428573,24.214285714285715,105.14285714285714,0.8571428571428571,22.285714285714285,38.0,274.92857142857144,1.3571428571428572,17.642857142857142,41.142857142857146,65.28571428571429,17.73452380952381,9.041666666666668,40.1688492063492,19.428571428571427,29.5,124.07142857142857,0.8571428571428571,18.857142857142858,30.0,230.21428571428572,1.2857142857142858,14.071428571428571,52.714285714285715,61.642857142857146,21.741666666666667,12.74404761904762,40.77789115646258,L
1989,15,Sun,1:00PM ET,8,11,21.733333333333334,25.0,112.6,0.8,22.2,37.86666666666667,272.8666666666667,1.3333333333333333,16.8,43.4,65.8,17.485555555555553,9.03888888888889,37.49092592592592,19.4,29.066666666666666,126.33333333333333,0.9333333333333333,18.933333333333334,29.866666666666667,228.53333333333333,1.4,13.666666666666666,54.06666666666667,61.06666666666667,21.577936507936506,11.894444444444446,40.9926984126984,W
1989,16,Sun,1:00PM ET,23,11,21.375,24.8125,108.25,0.8125,22.125,37.5,270.3125,1.25,17.3125,41.625,65.3125,18.08020833333333,8.661458333333334,37.91336805555555,19.1875,28.75,125.5,0.9375,18.875,29.75,222.0625,1.5625,13.375,53.1875,60.625,21.454315476190477,11.588541666666668,40.84732142857142,W
1990,2,Sun,1:00PM ET,54,13,18.0,22.0,88.0,2.0,21.0,36.0,240.5,1.0,27.0,26.0,62.0,17.958333333333336,9.633333333333333,41.73333333333333,18.0,32.5,116.5,1.5,17.5,28.0,250.5,1.5,11.5,34.0,63.0,16.041666666666668,7.5,43.275,L
1990,3,Sun,1:00PM ET,47,12,17.666666666666668,23.333333333333332,99.0,2.0,20.333333333333332,34.333333333333336,217.33333333333334,1.3333333333333333,29.666666666666668,32.666666666666664,62.333333333333336,18.194444444444446,11.422222222222222,37.48888888888889,16.666666666666668,33.0,128.66666666666666,1.3333333333333333,14.666666666666666,25.666666666666668,209.33333333333334,1.0,10.666666666666666,57.0,60.666666666666664,17.02777777777778,7.5,42.98333333333333,L
1990,4,Sun,1:00PM ET,70,0,19.25,22.75,110.0,2.0,22.25,37.25,235.25,1.0,27.25,39.5,64.5,16.645833333333336,11.691666666666666,37.61666666666666,17.75,31.25,132.5,1.0,15.25,27.75,207.0,0.75,9.5,66.0,60.75,19.370833333333334,7.541666666666667,42.675,W
1990,5,Sun,4:00PM ET,58,17,17.4,21.2,94.4,1.8,20.2,37.6,230.4,1.2,23.0,40.6,62.6,16.01666666666667,11.153333333333332,37.350476190476186,18.4,33.4,146.4,1.0,15.2,27.8,198.6,0.8,10.4,63.8,63.2,18.39666666666667,8.433333333333334,43.19,L
1990,6,Sun,1:00PM ET,78,6,18.166666666666668,19.833333333333332,84.66666666666667,1.6666666666666667,21.0,38.333333333333336,251.16666666666666,1.8333333333333333,20.833333333333332,47.166666666666664,61.666666666666664,16.980555555555558,10.516666666666667,39.042063492063484,17.833333333333332,32.5,138.66666666666666,1.0,15.5,28.0,214.16666666666666,0.6666666666666666,14.666666666666666,65.66666666666667,62.833333333333336,17.497222222222224,8.194444444444445,42.65833333333333,L
1990,8,Sun,1:00PM ET,43,15,17.571428571428573,21.142857142857142,90.57142857142857,1.5714285714285714,19.571428571428573,36.0,244.28571428571428,1.5714285714285714,23.142857142857142,46.857142857142854,61.0,18.26904761904762,9.085714285714285,38.67891156462584,17.571428571428573,30.857142857142858,132.71428571428572,1.0,16.0,29.857142857142858,216.42857142857142,1.2857142857142858,14.142857142857142,60.57142857142857,62.857142857142854,19.254761904761903,7.666666666666667,42.17142857142857,W
1990,9,Sun,1:00PM ET,38,10,17.5,21.375,88.0,1.5,19.875,35.625,248.0,1.375,23.125,46.0,60.875,19.985416666666666,9.075,37.86904761904761,17.5,29.5,120.375,0.875,17.125,31.125,240.75,1.125,12.375,58.875,62.5,19.322916666666668,6.708333333333334,41.05,L
1990,10,Sun,4:00PM ET,70,8,17.77777777777778,22.88888888888889,89.44444444444444,1.3333333333333333,19.444444444444443,34.55555555555556,242.11111111111111,1.3333333333333333,25.0,47.888888888888886,61.77777777777778,20.579629629629625,8.066666666666666,38.36507936507936,16.88888888888889,28.22222222222222,112.88888888888889,0.8888888888888888,16.444444444444443,30.22222222222222,229.44444444444446,1.3333333333333333,14.0,60.666666666666664,60.666666666666664,20.25925925925926,6.685185185185186,40.71111111111111,W
1990,11,Sun,4:00PM ET,70,5,18.2,23.1,93.0,1.2,19.5,34.5,244.6,1.4,24.2,46.2,61.8,19.921666666666663,8.66,38.82857142857142,17.3,28.1,117.7,0.9,16.5,30.2,235.0,1.3,13.1,56.6,60.4,20.183333333333334,6.216666666666667,41.44,W
1990,12,Sun,1:00PM ET,44,15,18.0,23.818181818181817,97.63636363636364,1.1818181818181819,18.90909090909091,33.36363636363637,240.45454545454547,1.2727272727272727,23.09090909090909,42.0,61.18181818181818,20.41363636363636,8.918181818181818,38.93506493506493,17.454545454545453,27.181818181818183,112.54545454545455,1.0,17.272727272727273,31.90909090909091,239.1818181818182,1.1818181818181819,13.727272727272727,55.81818181818182,61.18181818181818,19.766666666666666,6.196969696969697,41.23333333333333,W
1990,13,Sun,8:00PM ET,70,0,17.416666666666668,23.166666666666668,94.41666666666667,1.25,18.666666666666668,33.0,234.75,1.4166666666666667,24.583333333333332,44.083333333333336,60.25,20.149999999999995,8.980555555555556,38.912698412698404,17.333333333333332,28.166666666666668,114.58333333333333,0.9166666666666666,16.75,31.0,231.75,1.0833333333333333,12.666666666666666,58.0,61.166666666666664,19.16111111111111,5.972222222222222,41.17222222222222,L
1990,14,Sun,1:00PM ET,38,17,17.53846153846154,22.153846153846153,88.15384615384616,1.1538461538461537,19.46153846153846,34.53846153846154,237.23076923076923,1.3846153846153846,24.846153846153847,45.30769230769231,60.76923076923077,20.02307692307692,8.28974358974359,38.88095238095237,17.076923076923077,28.846153846153847,117.92307692307692,0.9230769230769231,16.307692307692307,30.0,224.15384615384616,1.0769230769230769,11.692307692307692,58.15384615384615,60.69230769230769,18.764102564102565,5.58974358974359,40.81282051282051,L
1990,15,Sun,4:00PM ET,45,15,17.0,21.785714285714285,85.78571428571429,1.1428571428571428,19.071428571428573,34.42857142857143,230.35714285714286,1.3571428571428572,25.785714285714285,44.92857142857143,60.357142857142854,20.007142857142856,8.054761904761905,38.64342403628117,17.5,29.357142857142858,121.85714285714286,0.8571428571428571,16.214285714285715,29.928571428571427,226.5,1.0,11.428571428571429,55.214285714285715,61.07142857142857,18.495238095238097,6.273809523809525,40.454761904761895,L
1990,16,Sat,12:30PM ET,3,14,17.466666666666665,22.266666666666666,85.4,1.2666666666666666,19.133333333333333,34.53333333333333,230.93333333333334,1.3333333333333333,24.4,42.93333333333333,60.733333333333334,20.75333333333333,7.517777777777778,38.26719576719576,17.466666666666665,29.0,124.93333333333334,0.9333333333333333,16.0,29.8,223.66666666666666,1.0,10.666666666666666,54.53333333333333,60.46666666666667,18.712222222222223,6.722222222222223,40.091111111111104,L
1990,17,Sun,4:00PM ET,9,8,17.25,21.875,85.5625,1.375,18.875,33.8125,231.0,1.3125,24.375,41.8125,59.5625,20.737499999999997,7.172916666666667,39.094246031746025,17.875,29.6875,128.6875,0.875,16.0,29.9375,222.1875,1.0,10.75,53.375,61.3125,18.330208333333335,6.364583333333334,40.44479166666666,L
1991,2,Sun,1:00PM ET,70,0,17.0,17.5,60.0,1.0,18.0,35.0,193.0,2.0,12.5,37.5,55.5,16.5,24.75,42.3125,17.0,28.5,73.0,0.5,21.5,33.5,273.5,1.0,14.0,61.5,64.0,24.666666666666668,16.083333333333332,37.0,L
1991,3,Sun,1:00PM ET,75,14,18.333333333333332,20.0,72.33333333333333,0.6666666666666666,18.666666666666668,36.333333333333336,214.66666666666666,1.6666666666666667,13.333333333333334,49.666666666666664,59.333333333333336,18.0,21.416666666666668,41.25595238095238,17.0,26.0,73.33333333333333,0.3333333333333333,20.666666666666668,32.333333333333336,275.0,1.0,25.0,69.66666666666667,62.0,21.777777777777782,13.888888888888888,37.833333333333336,W
1991,4,Sun,1:00PM ET,82,7,17.0,18.75,65.25,1.0,18.75,36.25,220.5,1.5,14.75,45.25,58.5,19.1,19.4375,41.566964285714285,15.5,25.75,64.25,0.25,20.25,32.25,259.25,1.0,23.0,66.5,61.5,21.708333333333336,12.229166666666666,41.55357142857143,L
1991,5,Sun,4:00PM ET,66,10,17.0,19.4,69.8,1.2,17.8,33.6,213.8,1.4,14.8,42.8,56.2,18.43,16.15,41.20357142857143,16.0,26.8,66.8,0.4,19.8,31.6,255.6,1.0,20.0,61.2,61.6,23.76666666666667,12.483333333333333,39.976190476190474,L
1991,6,Sun,1:00PM ET,44,17,16.666666666666668,18.5,68.16666666666667,1.1666666666666667,17.833333333333332,33.833333333333336,213.5,1.5,14.5,44.666666666666664,55.333333333333336,21.525000000000002,13.958333333333334,40.46964285714285,17.5,28.166666666666668,76.33333333333333,0.3333333333333333,21.666666666666668,33.166666666666664,260.8333333333333,0.8333333333333334,16.666666666666668,56.666666666666664,64.0,21.972222222222225,10.402777777777777,39.757936507936506,L
1991,8,Thu,7:30PM ET,59,20,15.0,18.571428571428573,71.42857142857143,1.1428571428571428,16.285714285714285,32.57142857142857,192.71428571428572,1.4285714285714286,15.0,43.285714285714285,54.142857142857146,21.926190476190477,12.678571428571429,40.49183673469388,17.571428571428573,30.0,88.42857142857143,0.42857142857142855,21.142857142857142,32.57142857142857,243.85714285714286,0.8571428571428571,15.0,52.857142857142854,65.14285714285714,22.690476190476193,9.297619047619047,39.53537414965986,L
1991,9,Sun,1:00PM ET,76,9,14.75,19.625,69.875,1.125,16.625,32.0,196.5,1.375,17.875,48.0,55.0,19.18541666666667,12.51875,41.159523809523805,16.875,28.125,81.75,0.75,20.25,33.25,235.875,1.375,18.75,49.375,64.375,21.754166666666666,9.416666666666666,40.15595238095238,W
1991,10,Sun,1:00PM ET,54,13,14.777777777777779,20.88888888888889,72.22222222222223,1.2222222222222223,16.77777777777778,31.77777777777778,196.44444444444446,1.3333333333333333,18.666666666666668,49.55555555555556,56.111111111111114,19.831481481481482,11.705555555555556,40.89179894179894,16.88888888888889,28.444444444444443,86.11111111111111,0.7777777777777778,19.77777777777778,32.77777777777778,232.88888888888889,1.2222222222222223,20.77777777777778,50.0,64.22222222222223,22.253703703703703,9.425925925925926,40.39788359788359,L
1991,11,Sun,1:00PM ET,32,9,15.6,21.1,73.4,1.1,17.4,32.4,208.5,1.4,18.8,52.4,56.9,19.991190476190475,11.135000000000002,40.702619047619045,17.9,29.3,92.2,0.7,19.5,33.1,232.8,1.1,19.6,50.5,65.3,21.753333333333334,8.983333333333333,40.60809523809523,L
1991,12,Sun,1:00PM ET,32,9,15.818181818181818,20.454545454545453,69.36363636363636,1.0,17.636363636363637,33.09090909090909,214.1818181818182,1.4545454545454546,17.09090909090909,49.90909090909091,56.63636363636363,19.882900432900435,11.395454545454546,41.48722943722943,19.181818181818183,30.90909090909091,104.81818181818181,0.7272727272727273,19.454545454545453,32.81818181818182,231.1818181818182,1.0,18.09090909090909,49.54545454545455,66.45454545454545,21.654545454545453,8.166666666666666,40.64372294372294,L
1991,13,Sun,1:00PM ET,28,18,15.416666666666666,21.25,77.25,1.0833333333333333,16.583333333333332,31.75,200.5,1.4166666666666667,17.5,47.833333333333336,56.0,20.142658730158733,10.679166666666667,40.83551587301587,18.916666666666668,30.666666666666668,102.08333333333333,0.75,19.583333333333332,33.416666666666664,227.25,1.0,22.166666666666668,46.75,67.16666666666667,21.766666666666666,7.486111111111111,40.60396825396825,W
1991,14,Sun,1:00PM ET,71,14,15.923076923076923,21.923076923076923,81.46153846153847,1.1538461538461537,17.0,32.0,206.30769230769232,1.3076923076923077,17.307692307692307,51.69230769230769,56.84615384615385,20.11245421245421,11.011538461538462,41.20714285714285,19.23076923076923,29.846153846153847,100.3076923076923,0.6923076923076923,19.615384615384617,33.69230769230769,231.3846153846154,1.0,21.076923076923077,47.0,66.53846153846153,21.692307692307693,7.448717948717948,41.09597069597069,L
1991,15,Sun,1:00PM ET,53,15,16.0,21.928571428571427,80.07142857142857,1.1428571428571428,17.357142857142858,32.5,206.92857142857142,1.2857142857142858,17.214285714285715,54.214285714285715,57.357142857142854,19.46156462585034,10.725,41.31734693877551,19.428571428571427,29.428571428571427,100.35714285714286,0.7142857142857143,19.357142857142858,33.07142857142857,229.78571428571428,1.0,20.571428571428573,48.214285714285715,65.42857142857143,21.428571428571427,6.916666666666666,41.20816326530611,L
1991,16,Sun,1:00PM ET,10,15,16.2,22.733333333333334,85.4,1.1333333333333333,17.4,33.0,206.93333333333334,1.2666666666666666,16.066666666666666,52.266666666666666,58.46666666666667,18.597460317460317,10.165555555555557,40.711005291005286,19.066666666666666,29.333333333333332,99.93333333333334,0.8,19.0,32.8,223.2,0.9333333333333333,20.466666666666665,46.333333333333336,65.13333333333334,20.9,9.42222222222222,41.06761904761904,L
1991,17,Sat,4:00PM ET,70,0,16.1875,23.8125,86.8125,1.0625,17.0,32.125,200.8125,1.1875,16.875,52.125,58.75,18.685119047619047,10.301041666666668,41.22906746031745,18.625,28.5625,96.625,0.875,19.0625,33.1875,223.3125,0.9375,19.1875,48.5625,64.5625,20.953125,9.541666666666666,41.37589285714285,W
1992,2,Sun,1:00PM ET,80,10,17.0,27.5,112.5,1.5,22.5,33.5,168.5,1.5,38.0,27.5,67.0,18.208333333333336,6.125,38.14285714285714,19.5,24.0,119.5,1.5,21.5,35.0,314.5,0.5,24.0,67.5,62.0,20.125,9.166666666666668,46.0,L
1992,3,Sun,1:00PM ET,56,11,18.666666666666668,27.0,106.0,2.0,22.666666666666668,36.0,211.0,1.0,40.0,26.666666666666668,69.0,18.605555555555558,11.194444444444443,42.49523809523809,19.0,28.333333333333332,134.33333333333334,1.3333333333333333,18.333333333333332,31.333333333333332,255.33333333333334,1.0,16.0,71.66666666666667,61.666666666666664,19.305555555555557,22.777777777777782,46.199999999999996,W
1992,4,Sun,4:00PM ET,57,12,18.0,29.75,104.25,1.5,20.5,31.75,210.75,0.75,33.75,30.25,66.5,18.204166666666666,10.729166666666666,41.67142857142857,18.25,25.75,137.0,1.25,17.75,33.75,247.5,0.75,16.0,62.5,61.5,18.479166666666668,17.958333333333336,44.55,W
1992,5,Sun,1:00PM ET,70,0,18.6,27.6,98.8,1.4,23.0,34.0,223.8,0.8,30.0,36.6,66.0,18.096666666666668,8.383333333333333,41.00380952380952,18.0,25.4,130.0,1.0,17.4,32.2,232.2,0.6,13.8,56.0,59.6,20.116666666666667,14.76666666666667,43.773333333333326,L
1992,7,Sun,1:00PM ET,38,11,18.166666666666668,26.5,94.33333333333333,1.5,22.5,33.833333333333336,223.66666666666666,0.6666666666666666,27.5,37.833333333333336,64.33333333333333,18.302777777777777,6.986111111111111,38.66984126984127,18.333333333333332,27.0,132.0,1.0,16.666666666666668,30.333333333333332,219.83333333333334,0.5,11.5,50.833333333333336,59.0,19.680555555555557,12.305555555555557,42.25555555555555,L
1992,8,Sun,1:00PM ET,48,8,17.571428571428573,25.0,89.42857142857143,1.4285714285714286,22.142857142857142,34.285714285714285,222.28571428571428,0.7142857142857143,27.285714285714285,41.42857142857143,63.285714285714285,18.802380952380954,7.3809523809523805,37.538435374149664,19.428571428571427,28.714285714285715,131.71428571428572,0.8571428571428571,16.714285714285715,29.428571428571427,222.28571428571428,0.42857142857142855,11.428571428571429,52.57142857142857,59.857142857142854,20.011904761904763,12.11904761904762,41.67619047619047,L
1992,9,Sun,1:00PM ET,70,0,18.375,26.125,96.375,1.5,22.125,34.625,221.0,0.625,25.125,43.75,64.5,18.660416666666666,10.270833333333332,38.72113095238095,18.125,26.625,120.0,0.75,16.75,29.875,217.125,0.5,13.625,57.75,58.5,19.260416666666668,10.604166666666668,42.31666666666666,W
1992,10,Sun,1:00PM ET,37,12,18.555555555555557,25.77777777777778,95.44444444444444,1.5555555555555556,22.666666666666668,35.77777777777778,227.44444444444446,0.8888888888888888,23.0,42.888888888888886,65.0,19.012962962962963,9.685185185185183,38.44656084656085,17.11111111111111,26.11111111111111,113.11111111111111,0.8888888888888888,15.88888888888889,28.333333333333332,207.77777777777777,0.4444444444444444,13.666666666666666,56.22222222222222,56.666666666666664,18.73148148148148,9.425925925925927,43.22592592592592,L
1992,11,Sun,1:00PM ET,30,11,19.1,25.7,100.3,1.5,22.7,35.5,232.2,1.0,21.6,52.9,64.5,18.75166666666667,9.216666666666665,38.551904761904765,17.1,25.8,113.7,1.0,15.7,27.8,203.9,0.4,13.9,54.1,55.9,18.258333333333333,8.983333333333334,42.92833333333333,W
1992,12,Sun,1:00PM ET,42,18,19.0,26.454545454545453,103.0,1.4545454545454546,22.09090909090909,34.45454545454545,230.0909090909091,0.9090909090909091,20.09090909090909,52.18181818181818,64.0,18.41060606060606,8.378787878787877,38.48354978354978,16.90909090909091,24.636363636363637,108.27272727272727,0.9090909090909091,16.454545454545453,29.0,208.72727272727272,0.5454545454545454,13.181818181818182,54.18181818181818,55.81818181818182,18.598484848484848,8.530303030303031,43.13939393939393,W
1992,13,Sun,1:00PM ET,32,12,18.833333333333332,26.333333333333332,99.83333333333333,1.4166666666666667,22.416666666666668,35.0,229.5,0.8333333333333334,18.833333333333332,52.333333333333336,64.25,19.070833333333336,7.6805555555555545,38.69325396825397,16.666666666666668,24.833333333333332,110.0,1.0,16.083333333333332,28.416666666666668,205.66666666666666,0.75,13.75,51.333333333333336,55.5,18.431944444444444,8.069444444444445,42.794444444444444,W
1992,14,Sun,1:00PM ET,21,12,19.0,27.0,104.92307692307692,1.4615384615384615,21.846153846153847,33.76923076923077,228.30769230769232,0.7692307692307693,17.846153846153847,51.69230769230769,63.53846153846154,18.79615384615385,8.051282051282051,38.614285714285714,16.692307692307693,24.923076923076923,113.53846153846153,1.2307692307692308,16.0,28.46153846153846,204.0,0.7692307692307693,15.461538461538462,51.38461538461539,55.76923076923077,17.70641025641026,7.44871794871795,42.67564102564102,W
1992,15,Sun,8:00PM ET,70,0,18.785714285714285,26.785714285714285,101.78571428571429,1.3571428571428572,21.642857142857142,33.5,223.07142857142858,0.7857142857142857,16.642857142857142,48.714285714285715,63.07142857142857,19.275000000000002,7.619047619047619,39.248979591836736,17.0,24.428571428571427,109.64285714285714,1.2857142857142858,16.642857142857142,29.0,213.0,0.8571428571428571,14.5,51.42857142857143,55.714285714285715,17.423809523809524,7.238095238095239,43.03214285714285,W
1992,16,Sun,1:00PM ET,11,12,18.533333333333335,27.133333333333333,101.73333333333333,1.4,21.133333333333333,32.8,220.73333333333332,0.8,17.533333333333335,45.93333333333333,62.733333333333334,18.956666666666667,7.51111111111111,39.12126984126984,17.0,24.266666666666666,110.4,1.2,17.133333333333333,30.0,213.6,1.0,13.933333333333334,52.0,56.46666666666667,17.022222222222222,7.055555555555556,42.54999999999999,W
1992,17,Sun,1:00PM ET,70,0,18.1875,26.25,97.1875,1.3125,21.25,32.9375,218.625,0.9375,16.75,46.8125,61.875,18.615625,7.854166666666666,39.41577380952381,17.3125,25.375,113.8125,1.1875,17.3125,30.1875,218.5,0.9375,13.6875,51.875,57.6875,16.645833333333336,6.989583333333334,42.82812499999999,L
1993,2,Sun,1:00PM ET,64,12,16.0,28.0,95.0,0.0,15.5,26.5,187.5,1.5,12.5,48.0,56.5,27.791666666666664,8.0,38.25,18.5,29.0,107.0,1.5,20.0,35.0,192.0,1.5,9.0,16.0,65.5,15.083333333333332,6.666666666666667,45.2,L
1993,4,Sun,1:00PM ET,70,0,15.666666666666666,26.333333333333332,98.66666666666667,0.0,17.0,28.0,175.0,1.6666666666666667,8.333333333333334,48.666666666666664,55.666666666666664,27.027777777777775,7.0,41.63333333333333,18.0,29.0,107.0,1.3333333333333333,19.333333333333332,35.0,200.33333333333334,1.0,8.333333333333334,19.0,65.66666666666667,19.22222222222222,6.777777777777779,47.02222222222222,L
1993,5,Sun,1:00PM ET,68,9,16.25,24.25,83.0,0.0,18.75,31.5,181.25,1.25,11.75,54.0,57.0,28.333333333333332,5.25,42.575,18.5,29.25,104.75,1.0,19.0,32.25,229.5,0.75,11.25,20.0,63.25,23.666666666666664,7.75,48.516666666666666,L
1993,6,Sun,7:30PM ET,36,9,16.0,25.2,79.2,0.0,19.0,31.6,192.0,1.6,9.4,58.0,57.8,27.766666666666662,5.8,42.726666666666674,20.0,27.2,94.8,1.0,21.8,37.6,257.0,0.8,15.8,38.4,67.0,21.999999999999996,7.5,46.81333333333333,W
1993,8,Sun,1:00PM ET,74,9,16.333333333333332,26.666666666666668,93.0,0.16666666666666666,19.333333333333332,32.333333333333336,204.83333333333334,1.5,9.5,60.333333333333336,60.166666666666664,25.555555555555554,6.111111111111111,43.40555555555556,18.833333333333332,26.0,93.0,1.0,20.166666666666668,36.5,244.33333333333334,1.1666666666666667,16.333333333333332,39.5,64.66666666666667,21.222222222222218,7.083333333333333,45.46944444444444,W
1993,9,Sun,1:00PM ET,33,12,16.285714285714285,26.714285714285715,99.0,0.14285714285714285,18.714285714285715,31.142857142857142,195.0,1.4285714285714286,9.571428571428571,55.285714285714285,59.142857142857146,23.833333333333332,4.738095238095238,42.84761904761905,18.285714285714285,27.142857142857142,96.57142857142857,1.1428571428571428,19.428571428571427,34.42857142857143,230.71428571428572,1.1428571428571428,19.285714285714285,39.57142857142857,64.42857142857143,20.547619047619044,5.785714285714286,45.65238095238095,W
1993,10,Mon,9:00PM ET,43,13,16.75,26.375,99.0,0.5,18.875,31.5,197.25,1.625,11.5,56.875,59.5,24.124999999999996,5.145833333333333,43.92916666666667,17.875,27.0,97.0,1.0,19.125,33.875,223.125,1.0,19.0,49.125,63.875,20.479166666666664,7.9375,45.09583333333333,L
1993,11,Sun,1:00PM ET,70,0,16.333333333333332,25.77777777777778,95.66666666666667,0.5555555555555556,18.77777777777778,31.555555555555557,192.0,1.4444444444444444,13.0,54.22222222222222,59.44444444444444,24.83333333333333,7.24074074074074,44.62592592592593,18.0,27.88888888888889,103.66666666666667,1.2222222222222223,19.22222222222222,33.333333333333336,220.22222222222223,1.1111111111111112,19.666666666666668,48.333333333333336,64.44444444444444,20.98148148148148,8.351851851851853,44.75185185185185,W
1993,12,Sun,1:00PM ET,42,19,17.2,27.3,101.4,0.5,19.3,31.7,198.7,1.5,12.5,51.8,61.0,23.583333333333332,7.3166666666666655,43.92999999999999,17.4,27.6,104.9,1.2,18.6,32.5,208.2,1.1,18.8,46.1,63.2,21.016666666666662,8.066666666666666,43.79666666666667,W
1993,13,Sun,1:00PM ET,23,7,16.90909090909091,27.545454545454547,101.9090909090909,0.45454545454545453,19.636363636363637,32.09090909090909,195.0909090909091,1.3636363636363635,12.0,52.09090909090909,61.63636363636363,23.075757575757574,7.242424242424241,43.673737373737374,16.818181818181817,27.09090909090909,103.72727272727273,1.0909090909090908,18.0,32.72727272727273,202.36363636363637,1.0,19.727272727272727,45.45454545454545,62.90909090909091,20.56060606060606,8.515151515151516,42.86969696969697,W
1993,14,Sun,1:00PM ET,37,9,17.916666666666668,27.583333333333332,100.0,0.5833333333333334,21.0,33.916666666666664,212.33333333333334,1.5,12.25,53.666666666666664,63.416666666666664,23.208333333333332,6.638888888888888,43.82592592592592,16.25,26.75,100.83333333333333,1.0833333333333333,17.333333333333332,31.666666666666668,197.25,1.0,18.083333333333332,42.916666666666664,61.333333333333336,20.652777777777775,8.63888888888889,42.52638888888889,L
1993,15,Sun,8:00PM ET,56,12,17.846153846153847,28.46153846153846,100.23076923076923,0.5384615384615384,20.384615384615383,33.07692307692308,207.23076923076923,1.4615384615384615,13.0,51.46153846153846,63.46153846153846,23.0,6.878205128205128,43.74957264957265,16.307692307692307,26.0,97.46153846153847,1.0,18.076923076923077,33.15384615384615,201.84615384615384,1.1538461538461537,19.153846153846153,43.84615384615385,62.07692307692308,21.006410256410252,8.948717948717949,42.65512820512821,W
1993,16,Sun,1:00PM ET,36,11,17.714285714285715,27.785714285714285,97.85714285714286,0.5714285714285714,20.357142857142858,33.07142857142857,210.71428571428572,1.4285714285714286,12.285714285714286,50.285714285714285,62.714285714285715,22.357142857142858,7.279761904761904,43.43888888888888,16.642857142857142,26.857142857142858,101.5,0.9285714285714286,18.357142857142858,33.0,202.21428571428572,1.0714285714285714,17.785714285714285,45.92857142857143,62.57142857142857,20.738095238095234,8.880952380952381,42.39404761904762,L
1993,17,Sun,1:00PM ET,0,11,17.666666666666668,28.4,101.2,0.6,19.933333333333334,32.733333333333334,209.33333333333334,1.3333333333333333,12.066666666666666,47.6,63.0,22.4,7.54111111111111,42.95777777777777,16.266666666666666,26.266666666666666,97.8,1.0,18.333333333333332,33.333333333333336,201.26666666666668,1.1333333333333333,20.066666666666666,43.8,62.666666666666664,20.888888888888882,8.844444444444445,42.034444444444446,W
1993,18,Sun,1:00PM ET,70,0,17.625,28.0,101.1875,0.625,20.125,33.0,208.125,1.5,12.4375,45.875,62.875,23.4375,7.835416666666666,43.44479166666666,16.25,26.5,98.875,0.9375,18.125,33.0625,200.0625,1.125,18.8125,44.5,62.4375,21.08333333333333,8.895833333333334,42.32395833333333,L
1994,2,Sun,1:00PM ET,69,7,19.0,16.5,66.0,1.0,26.5,43.5,273.5,0.5,16.0,53.5,63.5,13.625,4.5,39.3125,16.0,25.5,97.0,0.0,18.5,31.0,171.5,1.5,17.5,62.0,59.0,18.0,3.7,36.89285714285714,L
1994,3,Sun,1:00PM ET,71,14,17.0,15.666666666666666,56.333333333333336,1.0,25.666666666666668,44.0,275.6666666666667,1.0,24.666666666666668,58.0,64.0,15.416666666666666,6.333333333333333,38.81944444444445,17.333333333333332,26.333333333333332,95.0,0.3333333333333333,19.0,35.0,182.33333333333334,1.3333333333333333,19.0,61.666666666666664,64.0,18.666666666666668,6.133333333333333,37.92857142857142,L
1994,4,Sun,1:00PM ET,65,9,18.75,20.25,66.0,0.75,26.75,42.75,283.25,0.75,18.5,49.0,66.25,19.5625,5.75,38.989583333333336,16.75,23.75,84.75,0.75,17.25,33.75,186.0,1.25,19.25,51.25,60.75,18.3,4.6,39.57142857142857,W
1994,5,Sun,1:00PM ET,53,13,19.0,21.6,72.8,0.6,26.4,43.6,285.4,1.0,20.8,53.2,68.6,18.75,5.571428571428571,39.19166666666667,17.6,22.4,77.4,0.8,19.6,37.6,215.6,1.2,19.8,44.0,63.0,18.740000000000002,5.4799999999999995,39.957142857142856,L
1994,6,Sun,1:00PM ET,47,12,19.333333333333332,22.833333333333332,74.66666666666667,0.6666666666666666,26.166666666666668,43.166666666666664,274.8333333333333,1.0,19.666666666666668,55.0,69.16666666666667,18.40277777777778,8.55952380952381,39.104166666666664,16.833333333333332,22.666666666666668,75.16666666666667,0.8333333333333334,19.333333333333332,36.166666666666664,207.33333333333334,1.1666666666666667,19.666666666666668,42.5,61.833333333333336,18.71666666666667,5.8999999999999995,40.235119047619044,W
1994,8,Thu,8:00PM ET,70,0,18.285714285714285,23.285714285714285,74.14285714285714,0.7142857142857143,24.857142857142858,41.857142857142854,251.42857142857142,1.0,20.285714285714285,54.142857142857146,68.28571428571429,18.48809523809524,8.091836734693878,40.089285714285715,16.714285714285715,22.142857142857142,67.57142857142857,0.7142857142857143,21.0,38.142857142857146,216.42857142857142,1.2857142857142858,22.714285714285715,45.142857142857146,63.42857142857143,18.935714285714287,6.171428571428571,40.144387755102045,L
1994,9,Mon,9:00PM ET,49,15,18.125,26.0,92.75,0.625,22.5,38.5,230.25,0.875,17.75,49.25,67.25,19.552083333333336,7.080357142857143,38.417410714285715,16.125,22.875,70.875,0.875,21.0,37.75,211.125,1.5,21.75,40.75,63.625,19.09375,5.3999999999999995,39.50133928571429,W
1994,10,Sun,1:00PM ET,48,21,18.444444444444443,26.22222222222222,95.44444444444444,0.6666666666666666,22.666666666666668,38.22222222222222,231.0,0.8888888888888888,16.555555555555557,46.666666666666664,67.0,18.851851851851855,7.182539682539682,39.73214285714286,16.555555555555557,22.444444444444443,68.44444444444444,1.1111111111111112,21.77777777777778,38.888888888888886,225.22222222222223,1.5555555555555556,21.666666666666668,41.77777777777778,64.33333333333333,19.46428571428571,6.133333333333333,39.667857142857144,W
1994,11,Sun,4:00PM ET,51,12,18.0,25.9,92.1,0.7,22.4,37.2,226.2,0.8,16.0,47.2,65.5,19.56666666666667,6.9642857142857135,41.242261904761904,16.5,22.5,73.2,1.0,22.0,39.3,224.1,1.5,21.0,44.1,64.7,19.21785714285714,6.3533333333333335,39.90107142857143,W
1994,12,Sun,1:00PM ET,41,8,18.0,24.636363636363637,89.27272727272727,0.6363636363636364,22.363636363636363,37.45454545454545,225.0909090909091,0.8181818181818182,15.363636363636363,44.45454545454545,64.36363636363636,19.58787878787879,6.831168831168831,41.38387445887446,17.454545454545453,24.09090909090909,76.36363636363636,0.9090909090909091,22.90909090909091,39.72727272727273,236.9090909090909,1.4545454545454546,20.727272727272727,43.27272727272727,66.63636363636364,18.97077922077922,6.503030303030303,39.94036796536796,L
1994,13,Thu,4:00PM ET,47,11,17.916666666666668,24.083333333333332,84.25,0.5833333333333334,22.75,37.666666666666664,227.75,0.75,14.833333333333334,48.583333333333336,64.0,19.75763888888889,7.095238095238095,41.74077380952381,17.916666666666668,25.166666666666668,81.5,0.8333333333333334,22.25,38.583333333333336,243.08333333333334,1.4166666666666667,20.083333333333332,48.75,66.5,19.848214285714285,6.481944444444444,40.27867063492064,L
1994,14,Sun,4:00PM ET,70,0,18.307692307692307,24.0,82.23076923076923,0.5384615384615384,23.23076923076923,38.07692307692308,238.3846153846154,0.8461538461538461,14.23076923076923,49.07692307692308,64.23076923076923,20.866025641025644,7.434065934065933,41.68379120879121,18.153846153846153,25.307692307692307,90.53846153846153,0.7692307692307693,21.923076923076923,37.92307692307692,239.46153846153845,1.3076923076923077,19.153846153846153,49.61538461538461,65.84615384615384,19.423992673992675,6.214102564102564,40.44954212454213,L
1994,15,Sun,1:00PM ET,17,10,19.0,25.571428571428573,94.71428571428571,0.5,23.0,37.785714285714285,240.35714285714286,0.8571428571428571,13.714285714285714,48.42857142857143,65.5,20.839880952380955,7.86734693877551,41.52780612244898,17.5,24.5,86.0,0.7142857142857143,21.428571428571427,37.714285714285715,234.28571428571428,1.3571428571428572,19.071428571428573,46.42857142857143,64.78571428571429,19.07624716553288,5.770238095238095,40.27457482993197,W
1994,16,Sun,1:00PM ET,34,13,19.266666666666666,25.266666666666666,93.33333333333333,0.4666666666666667,23.4,38.2,245.73333333333332,0.8666666666666667,13.533333333333333,49.0,65.6,20.68388888888889,7.542857142857143,41.725952380952386,17.8,24.333333333333332,86.73333333333333,0.7333333333333333,21.4,38.2,234.4,1.3333333333333333,17.8,43.666666666666664,64.93333333333334,18.57116402116402,5.674444444444444,39.72293650793651,W
1994,17,Sat,1:00PM ET,58,13,19.625,26.0625,96.4375,0.5,23.4375,38.0625,248.5625,0.875,12.75,47.5,66.1875,20.688020833333336,7.071428571428571,40.80558035714286,17.5625,23.8125,85.1875,0.75,21.0625,37.8125,229.8125,1.3125,17.25,42.1875,63.9375,18.4000496031746,5.319791666666666,39.865252976190476,W
1995,2,Mon,9:00PM ET,57,6,22.0,27.0,89.0,0.0,25.0,44.5,305.5,2.0,21.5,40.0,74.5,20.3,5.083333333333333,29.928571428571423,14.0,23.5,73.0,0.5,17.0,27.5,164.0,0.5,22.0,36.5,54.5,22.5,4.0,39.77777777777778,W
1995,3,Sun,1:00PM ET,57,9,20.0,26.333333333333332,87.66666666666667,0.0,21.333333333333332,38.0,250.66666666666666,1.3333333333333333,23.666666666666668,43.0,67.66666666666667,23.2,6.222222222222221,34.39682539682539,15.0,23.666666666666668,87.33333333333333,0.3333333333333333,19.0,35.0,175.66666666666666,0.6666666666666666,18.666666666666668,50.666666666666664,61.666666666666664,20.666666666666668,3.4,42.226851851851855,W
1995,4,Sun,8:00PM ET,74,8,19.0,27.0,98.0,0.0,21.0,36.0,238.5,1.25,20.0,49.75,66.0,24.15,7.866666666666666,38.047619047619044,14.5,23.5,84.5,0.25,18.25,33.5,170.75,0.5,21.75,51.0,60.5,20.35,7.675,43.013888888888886,W
1995,6,Sun,1:00PM ET,65,10,19.2,25.4,93.2,0.0,21.0,37.0,249.8,1.2,16.0,45.8,64.8,22.753333333333334,8.293333333333333,38.91809523809523,16.6,25.6,94.8,0.2,19.4,33.0,199.8,0.4,18.2,45.8,61.6,22.213333333333335,8.006666666666666,44.71111111111111,L
1995,7,Sun,1:00PM ET,44,14,20.333333333333332,27.333333333333332,95.83333333333333,0.0,21.333333333333332,36.5,265.1666666666667,1.0,15.833333333333334,41.5,66.16666666666667,22.83611111111111,9.411111111111111,39.640079365079366,16.833333333333332,24.666666666666668,100.5,0.16666666666666666,19.0,34.333333333333336,200.66666666666666,0.5,15.166666666666666,47.5,61.5,22.45555555555556,7.449999999999999,43.9973544973545,W
1995,8,Sun,1:00PM ET,39,12,20.571428571428573,26.714285714285715,92.0,0.14285714285714285,21.428571428571427,37.42857142857143,269.42857142857144,0.8571428571428571,16.142857142857142,38.857142857142854,66.57142857142857,22.90714285714285,8.980952380952381,40.3343537414966,16.857142857142858,24.428571428571427,99.42857142857143,0.2857142857142857,20.0,36.857142857142854,202.42857142857142,0.8571428571428571,19.142857142857142,45.714285714285715,63.857142857142854,22.295238095238094,7.504761904761905,43.46201814058957,W
1995,9,Sun,1:00PM ET,70,0,21.5,26.75,98.625,0.25,22.0,38.125,273.75,1.125,14.875,38.375,67.125,22.718749999999996,8.483333333333334,42.16755952380952,17.0,24.5,108.125,0.25,19.375,35.125,208.25,0.75,18.125,47.0,62.125,22.133333333333333,6.566666666666666,42.604265873015876,L
1995,10,Sun,1:00PM ET,70,0,21.666666666666668,26.333333333333332,96.88888888888889,0.4444444444444444,22.77777777777778,39.55555555555556,276.3333333333333,1.4444444444444444,17.22222222222222,39.333333333333336,68.33333333333333,22.361111111111107,8.68888888888889,42.40820105820106,17.0,24.333333333333332,106.55555555555556,0.3333333333333333,19.555555555555557,35.55555555555556,211.44444444444446,0.6666666666666666,17.444444444444443,45.111111111111114,62.333333333333336,21.951851851851853,7.059259259259259,42.6799823633157,L
1995,11,Sun,1:00PM ET,21,8,21.3,25.4,91.5,0.4,23.0,38.9,282.3,1.3,17.8,39.8,66.8,23.064999999999998,8.686666666666667,41.42738095238095,17.9,25.2,109.9,0.3,19.9,35.8,222.1,0.7,17.1,43.8,63.4,21.576666666666664,6.703333333333333,42.58698412698413,W
1995,12,Sun,1:00PM ET,38,8,21.181818181818183,26.0,90.63636363636364,0.45454545454545453,23.0,37.90909090909091,275.72727272727275,1.1818181818181819,16.818181818181817,39.36363636363637,66.36363636363636,22.4,8.306060606060607,41.84307359307359,17.90909090909091,24.90909090909091,106.9090909090909,0.2727272727272727,20.0,35.45454545454545,225.36363636363637,0.7272727272727273,17.181818181818183,43.45454545454545,62.72727272727273,21.539393939393936,6.593939393939394,42.48816738816739,W
1995,13,Sun,1:00PM ET,31,8,21.25,25.916666666666668,92.08333333333333,0.4166666666666667,22.416666666666668,36.75,275.0,1.0833333333333333,15.916666666666666,40.583333333333336,65.0,22.179166666666664,8.113888888888889,41.39781746031746,18.25,24.416666666666668,101.5,0.25,20.583333333333332,36.5,232.58333333333334,0.6666666666666666,18.166666666666668,45.583333333333336,63.416666666666664,21.272222222222222,6.044444444444444,41.83082010582011,W
1995,14,Sun,1:00PM ET,34,7,21.384615384615383,26.23076923076923,92.3076923076923,0.38461538461538464,23.076923076923077,37.23076923076923,279.9230769230769,1.0769230769230769,14.692307692307692,38.61538461538461,65.6923076923077,22.29358974358974,7.976923076923077,40.84798534798535,17.76923076923077,23.53846153846154,96.07692307692308,0.23076923076923078,20.46153846153846,36.46153846153846,230.23076923076923,0.7692307692307693,18.0,44.0,62.53846153846154,21.02051282051282,5.579487179487179,41.84383394383394,W
1995,15,Sun,8:00PM ET,60,12,21.285714285714285,25.785714285714285,90.07142857142857,0.35714285714285715,23.357142857142858,37.857142857142854,280.2857142857143,1.0714285714285714,13.642857142857142,36.214285714285715,65.71428571428571,21.84404761904762,7.383333333333334,40.91598639455782,17.857142857142858,23.642857142857142,98.28571428571429,0.21428571428571427,20.642857142857142,36.857142857142854,230.92857142857142,0.8571428571428571,18.285714285714285,46.285714285714285,63.07142857142857,21.126190476190477,5.663095238095238,41.90260770975056,L
1995,16,Sat,4:00PM ET,70,0,21.333333333333332,26.066666666666666,90.93333333333334,0.3333333333333333,23.2,37.333333333333336,282.1333333333333,1.0,13.666666666666666,37.733333333333334,65.46666666666667,21.754444444444445,7.3133333333333335,41.18825396825397,18.4,23.333333333333332,95.4,0.2,21.2,37.4,239.8,0.8666666666666667,18.066666666666666,48.86666666666667,63.266666666666666,21.565396825396824,5.885555555555555,42.04243386243386,W
1995,17,Sun,1:00PM ET,22,10,21.1875,25.625,89.25,0.375,23.25,37.0625,283.6875,0.9375,13.5625,37.75,64.75,21.507291666666667,7.377083333333333,41.19732142857143,18.9375,23.375,94.6875,0.1875,21.9375,38.5,244.6875,0.8125,17.1875,46.125,64.3125,21.342559523809523,5.517708333333333,42.20644841269841,W
1996,2,Mon,9:00PM ET,65,9,23.5,36.5,155.0,1.0,19.0,30.0,266.0,0.0,2.0,43.5,67.5,20.833333333333332,9.5,49.58333333333333,14.5,20.0,59.0,1.5,14.5,33.0,167.5,3.5,9.0,34.5,55.0,20.5,3.5,47.36666666666667,W
1996,3,Sun,1:00PM ET,55,9,23.333333333333332,36.333333333333336,147.33333333333334,1.3333333333333333,20.0,31.0,254.33333333333334,0.3333333333333333,10.333333333333334,59.0,68.66666666666667,21.888888888888886,11.952380952380954,45.72222222222222,13.333333333333334,17.666666666666668,50.333333333333336,1.3333333333333333,15.666666666666666,33.666666666666664,159.66666666666666,3.0,18.0,41.333333333333336,54.333333333333336,22.599999999999998,2.3333333333333335,48.86349206349206,W
1996,4,Sun,1:00PM ET,70,0,19.5,31.0,125.5,1.75,18.5,30.0,240.25,0.5,18.0,64.0,63.75,22.166666666666664,12.514285714285716,46.166666666666664,14.5,21.5,59.75,1.5,17.75,35.5,189.75,2.75,17.75,42.25,59.75,21.3875,4.416666666666666,48.10595238095238,L
1996,5,Sun,4:00PM ET,70,0,20.2,31.8,128.8,1.4,18.8,30.8,234.0,0.4,15.8,58.6,65.2,20.73333333333333,13.411428571428573,45.61904761904761,15.4,22.4,79.6,1.4,16.4,35.2,186.0,3.0,14.4,41.4,60.0,21.81,5.466666666666666,47.8847619047619,W
1996,6,Sun,1:00PM ET,61,11,20.333333333333332,31.333333333333332,124.0,1.1666666666666667,18.833333333333332,30.333333333333332,236.83333333333334,0.5,14.5,53.0,64.16666666666667,26.694444444444443,12.842857142857143,44.09920634920635,15.333333333333334,23.166666666666668,75.16666666666667,1.1666666666666667,16.833333333333332,34.666666666666664,187.5,3.0,12.833333333333334,45.833333333333336,60.0,22.425,4.5555555555555545,48.68174603174603,W
1996,7,Mon,9:00PM ET,47,12,20.857142857142858,30.571428571428573,116.0,1.0,20.142857142857142,34.714285714285715,259.42857142857144,0.7142857142857143,14.857142857142858,48.857142857142854,67.71428571428571,25.566666666666666,11.674829931972791,43.48979591836734,15.142857142857142,23.857142857142858,75.0,1.0,17.428571428571427,35.285714285714285,186.71428571428572,2.857142857142857,11.428571428571429,48.57142857142857,61.142857142857146,22.262244897959185,5.619047619047619,47.679591836734694,W
1996,9,Sun,1:00PM ET,57,18,21.25,31.375,117.625,1.0,20.0,34.25,249.25,0.75,14.125,45.25,68.0,24.745833333333334,11.715476190476192,43.36607142857142,15.0,24.125,72.75,0.875,17.125,34.5,183.875,2.75,13.125,48.125,60.75,23.010714285714286,8.166666666666666,46.37589285714286,W
1996,10,Sun,1:00PM ET,33,11,21.444444444444443,30.555555555555557,115.77777777777777,0.8888888888888888,20.444444444444443,34.333333333333336,252.77777777777777,0.7777777777777778,15.555555555555555,46.333333333333336,67.44444444444444,24.996296296296297,12.006349206349206,42.03650793650793,15.333333333333334,24.333333333333332,83.11111111111111,0.7777777777777778,16.88888888888889,34.22222222222222,180.44444444444446,2.4444444444444446,14.555555555555555,52.888888888888886,61.0,22.8984126984127,7.259259259259259,45.35634920634921,W
1996,11,Sun,1:00PM ET,30,8,21.7,29.5,111.7,0.9,21.1,35.8,258.9,0.8,16.5,49.9,68.0,24.496666666666666,11.439047619047619,42.01619047619047,15.7,25.9,93.0,0.7,16.1,33.0,182.8,2.2,13.4,55.7,61.2,22.675238095238093,7.9833333333333325,44.42071428571428,L
1996,12,Mon,9:00PM ET,50,5,21.09090909090909,28.727272727272727,109.72727272727273,0.8181818181818182,21.09090909090909,35.90909090909091,253.0,0.7272727272727273,17.727272727272727,47.90909090909091,67.45454545454545,24.03106060606061,10.823376623376625,42.274458874458865,15.636363636363637,26.09090909090909,94.72727272727273,0.6363636363636364,16.818181818181817,33.18181818181818,184.9090909090909,2.0,12.272727272727273,52.81818181818182,61.45454545454545,20.613852813852812,8.015151515151514,44.47337662337662,L
1996,13,Sun,8:00PM ET,70,0,20.583333333333332,28.583333333333332,105.41666666666667,0.75,21.416666666666668,36.083333333333336,247.91666666666666,0.8333333333333334,16.833333333333332,47.833333333333336,67.33333333333333,23.44513888888889,11.393650793650794,42.446031746031736,15.583333333333334,25.833333333333332,92.25,0.75,16.833333333333332,33.5,183.66666666666666,1.9166666666666667,11.666666666666666,51.416666666666664,61.583333333333336,20.062698412698413,7.613888888888888,44.87440476190476,W
1996,14,Sun,1:00PM ET,31,14,20.53846153846154,28.384615384615383,107.0,0.6923076923076923,21.23076923076923,35.38461538461539,246.6153846153846,0.7692307692307693,16.692307692307693,44.92307692307692,66.38461538461539,23.513461538461538,16.28644688644689,42.277106227106216,16.0,25.846153846153847,91.92307692307692,0.6923076923076923,17.692307692307693,34.30769230769231,186.0,1.8461538461538463,11.538461538461538,49.76923076923077,62.30769230769231,20.365567765567764,7.643589743589743,44.51483516483517,W
1996,15,Sun,1:00PM ET,29,16,20.642857142857142,28.428571428571427,106.71428571428571,0.6428571428571429,21.142857142857142,35.57142857142857,249.0,0.8571428571428571,15.785714285714286,44.92857142857143,66.5,22.905357142857145,15.980272108843538,42.04302721088435,15.5,25.714285714285715,92.0,0.8571428571428571,17.357142857142858,33.57142857142857,180.28571428571428,1.7142857142857142,12.357142857142858,50.857142857142854,61.5,20.27695578231292,7.526190476190476,43.82091836734694,W
1996,16,Sun,1:00PM ET,70,0,20.6,28.266666666666666,107.0,0.6,20.8,34.86666666666667,248.4,0.8666666666666667,15.733333333333333,46.93333333333333,65.66666666666667,23.311666666666667,17.141587301587304,42.173492063492056,15.733333333333333,25.533333333333335,91.13333333333334,0.8,17.733333333333334,34.0,182.06666666666666,1.6666666666666667,12.933333333333334,51.46666666666667,61.86666666666667,20.48071428571428,7.524444444444444,43.832857142857144,W
1996,17,Sun,1:00PM ET,30,12,21.125,29.0625,114.875,0.6875,20.5,34.25,246.125,0.8125,15.0625,44.625,65.8125,24.0421875,17.382738095238096,42.1001488095238,15.5,25.0,88.5,0.8125,17.6875,34.0,183.875,1.625,12.625,49.8125,61.3125,20.429836309523807,7.054166666666666,43.71049107142857,W
1997,2,Sun,4:00PM ET,70,8,19.5,29.5,107.0,1.0,17.0,31.5,252.5,1.0,12.0,21.5,62.5,30.75,15.533333333333331,44.58333333333333,17.5,30.0,132.0,1.0,18.0,36.5,182.5,1.0,17.5,57.0,69.5,20.82142857142857,2.0,46.01190476190475,L
1997,3,Sun,1:00PM ET,66,6,20.333333333333332,29.333333333333332,118.66666666666667,1.3333333333333333,19.333333333333332,33.333333333333336,252.66666666666666,0.6666666666666666,9.0,37.333333333333336,64.0,26.233333333333334,12.355555555555554,46.166666666666664,18.333333333333332,27.333333333333332,107.66666666666667,0.6666666666666666,19.0,40.0,201.66666666666666,1.0,11.666666666666666,60.333333333333336,69.33333333333333,20.480952380952377,6.0,44.007936507936506,W
1997,4,Sun,1:00PM ET,50,8,21.25,27.5,112.25,1.25,19.0,32.75,256.0,1.0,9.0,38.0,61.75,24.008333333333333,14.683333333333334,45.9375,19.25,29.75,127.0,0.5,19.0,38.5,205.5,1.25,11.0,74.0,70.5,19.710714285714282,7.5,45.38095238095238,W
1997,5,Sun,1:00PM ET,70,0,21.6,25.6,111.2,1.2,19.6,34.8,263.8,1.4,8.4,43.4,62.0,23.906666666666666,12.896666666666667,46.68333333333333,19.0,31.0,136.2,0.4,18.6,36.2,207.4,1.0,11.2,80.6,69.4,19.728571428571424,8.0,46.404761904761905,L
1997,6,Sun,1:00PM ET,62,13,20.166666666666668,24.333333333333332,103.33333333333333,1.1666666666666667,19.833333333333332,34.166666666666664,251.66666666666666,1.1666666666666667,10.5,42.5,60.333333333333336,24.58888888888889,12.455555555555556,46.54563492063492,19.666666666666668,31.833333333333332,149.66666666666666,0.5,18.166666666666668,35.0,202.66666666666666,1.0,13.333333333333334,72.16666666666667,69.16666666666667,18.884920634920633,6.666666666666667,46.30396825396826,W
1997,7,Sun,1:00PM ET,68,15,20.428571428571427,24.428571428571427,102.85714285714286,1.0,19.714285714285715,34.285714285714285,241.0,1.1428571428571428,9.0,44.285714285714285,60.285714285714285,24.86190476190476,12.31904761904762,45.86054421768707,20.571428571428573,32.142857142857146,145.57142857142858,0.42857142857142855,18.714285714285715,35.0,206.85714285714286,1.1428571428571428,11.428571428571429,69.42857142857143,69.14285714285714,19.044217687074827,6.214285714285714,46.35578231292517,W
1997,9,Mon,9:00PM ET,48,20,21.25,26.25,108.0,1.0,20.125,34.25,240.75,1.0,9.375,41.875,62.0,24.379166666666666,12.404166666666667,45.69047619047619,20.25,30.625,136.0,0.5,18.875,35.125,214.5,1.375,11.625,62.625,67.75,19.257440476190474,6.4375,45.18630952380953,W
1997,10,Sun,8:00PM ET,39,12,20.11111111111111,26.11111111111111,105.0,1.0,19.555555555555557,33.55555555555556,234.11111111111111,1.0,10.333333333333334,43.22222222222222,61.22222222222222,23.299999999999997,11.637037037037038,45.32208994708995,20.0,30.333333333333332,134.77777777777777,0.4444444444444444,19.11111111111111,36.44444444444444,208.22222222222223,1.6666666666666667,13.333333333333334,57.888888888888886,69.0,19.78439153439153,6.166666666666667,44.3739417989418,W
1997,11,Sun,1:00PM ET,38,7,19.9,26.0,104.1,1.0,19.4,33.9,241.3,1.1,10.8,45.5,61.5,23.369999999999997,10.856666666666666,45.223214285714285,19.6,29.8,127.9,0.4,19.0,36.9,210.9,1.6,15.2,63.1,69.1,20.280952380952378,6.35,43.95876984126984,W
1997,12,Sun,1:00PM ET,70,0,19.90909090909091,25.09090909090909,104.36363636363636,1.0,19.272727272727273,33.09090909090909,252.36363636363637,1.1818181818181819,12.454545454545455,46.18181818181818,59.90909090909091,23.985714285714288,9.86969696969697,47.0211038961039,20.181818181818183,30.181818181818183,129.63636363636363,0.45454545454545453,19.454545454545453,36.27272727272727,222.63636363636363,1.4545454545454546,15.636363636363637,61.45454545454545,68.81818181818181,20.316017316017312,6.2272727272727275,44.689790764790764,L
1997,13,Sun,1:00PM ET,23,17,20.666666666666668,26.416666666666668,114.0,0.9166666666666666,19.5,33.25,248.25,1.1666666666666667,12.583333333333334,44.25,61.416666666666664,23.736904761904764,9.568055555555555,46.49156746031746,19.416666666666668,29.333333333333332,126.58333333333333,0.5833333333333334,18.833333333333332,35.333333333333336,214.91666666666666,1.3333333333333333,15.166666666666666,64.91666666666667,66.91666666666667,20.384920634920633,5.708333333333333,44.54897486772487,W
1997,14,Mon,9:00PM ET,70,0,20.384615384615383,27.153846153846153,115.92307692307692,0.8461538461538461,19.153846153846153,32.92307692307692,244.23076923076923,1.0769230769230769,12.307692307692308,44.0,61.76923076923077,22.75714285714286,9.832051282051282,46.60760073260073,19.23076923076923,28.923076923076923,124.46153846153847,0.6153846153846154,19.0,35.84615384615385,212.92307692307693,1.3076923076923077,16.692307692307693,63.0,67.3076923076923,20.688644688644686,6.315384615384615,44.699053724053734,W
1997,15,Sun,1:00PM ET,49,8,20.357142857142858,27.428571428571427,113.5,0.9285714285714286,19.571428571428573,32.92857142857143,246.78571428571428,1.0714285714285714,11.428571428571429,42.357142857142854,61.92857142857143,23.274489795918367,9.510714285714286,46.09991496598639,18.428571428571427,28.428571428571427,120.35714285714286,0.6428571428571429,18.357142857142858,35.142857142857146,206.07142857142858,1.2857142857142858,17.142857142857142,60.857142857142854,66.21428571428571,20.69302721088435,6.792857142857143,44.57769274376418,W
1997,16,Sun,4:00PM ET,41,8,20.733333333333334,28.333333333333332,120.46666666666667,0.8666666666666667,19.466666666666665,33.0,247.4,1.0666666666666667,11.733333333333333,40.2,63.0,23.122857142857143,8.97,45.919920634920636,17.8,28.133333333333333,121.66666666666667,0.6666666666666666,17.6,34.53333333333333,196.06666666666666,1.2,17.6,56.8,65.33333333333333,20.657936507936505,6.673333333333333,44.420661375661375,W
1997,17,Sat,12:30PM ET,32,7,20.3125,28.6875,119.3125,1.0,19.3125,32.6875,243.5,1.0,11.9375,44.875,63.0,22.974553571428572,9.190625,45.92492559523809,18.0,27.6875,117.25,0.6875,18.0,35.1875,201.5625,1.3125,17.125,59.0625,65.4375,20.329315476190473,7.027083333333333,43.80062003968254,W
1998,2,Sun,1:00PM ET,70,5,18.0,27.5,56.0,1.0,23.0,32.5,257.0,0.0,12.0,25.0,63.0,44.375,2.1666666666666665,45.5,18.5,20.5,67.5,2.0,22.5,42.0,229.5,1.0,31.0,48.5,66.5,30.533333333333328,30.5,44.80952380952381,W
1998,3,Sun,1:00PM ET,74,7,19.333333333333332,28.333333333333332,66.0,1.3333333333333333,23.0,33.333333333333336,262.6666666666667,0.3333333333333333,18.666666666666668,26.666666666666668,64.66666666666667,36.583333333333336,3.6666666666666665,48.111111111111114,14.666666666666666,19.333333333333332,54.333333333333336,1.3333333333333333,20.333333333333332,38.0,203.33333333333334,0.6666666666666666,27.0,54.0,61.0,30.355555555555554,19.666666666666668,46.33134920634921,W
1998,4,Sun,1:00PM ET,73,5,21.0,29.5,76.75,1.25,24.0,36.25,294.0,1.0,16.5,40.75,68.5,34.39583333333333,5.25,46.083333333333336,14.25,18.5,55.75,1.0,20.25,41.75,199.5,0.75,24.75,56.5,64.0,27.766666666666666,16.5,45.717261904761905,W
1998,5,Mon,8:20PM ET,55,14,21.0,27.6,81.8,1.0,23.8,36.8,278.6,1.4,15.8,36.6,67.0,33.916666666666664,6.0,45.8,15.8,21.6,65.2,1.0,20.2,39.8,248.0,0.6,19.8,60.4,64.4,27.71333333333333,13.2,46.773809523809526,L
1998,7,Thu,8:15PM ET,70,0,21.333333333333332,26.5,83.66666666666667,0.8333333333333334,23.5,37.833333333333336,282.1666666666667,1.6666666666666667,17.333333333333332,38.0,66.83333333333333,32.763888888888886,6.083333333333333,44.53333333333333,15.833333333333334,23.333333333333332,85.33333333333333,1.0,19.5,36.333333333333336,243.0,0.5,19.666666666666668,66.5,62.666666666666664,26.26111111111111,10.333333333333334,45.31150793650793,L
1998,8,Sun,1:00PM ET,52,7,21.142857142857142,27.428571428571427,82.57142857142857,0.7142857142857143,23.285714285714285,38.285714285714285,279.0,1.7142857142857142,16.0,42.57142857142857,68.0,30.749999999999996,8.785714285714286,44.2734693877551,15.142857142857142,22.428571428571427,81.14285714285714,0.8571428571428571,19.142857142857142,36.714285714285715,238.0,0.7142857142857143,21.285714285714285,71.0,62.285714285714285,25.938095238095237,9.523809523809524,44.60034013605441,W
1998,9,Sun,4:15PM ET,49,12,20.375,27.125,84.5,0.625,22.25,37.0,279.0,1.875,14.625,42.875,66.375,29.98958333333333,9.46875,43.864285714285714,15.625,23.125,87.75,0.875,19.75,37.0,231.5,0.75,25.375,68.0,64.0,25.338690476190475,9.708333333333334,44.45029761904761,W
1998,10,Mon,8:20PM ET,44,4,20.0,26.22222222222222,79.44444444444444,0.5555555555555556,22.22222222222222,37.22222222222222,274.0,1.7777777777777777,14.88888888888889,41.77777777777778,65.77777777777777,28.620370370370367,8.416666666666666,44.32380952380952,16.0,25.11111111111111,93.77777777777777,0.8888888888888888,19.22222222222222,35.333333333333336,231.44444444444446,0.6666666666666666,24.0,63.44444444444444,64.11111111111111,24.46772486772487,9.351851851851853,44.400264550264545,L
1998,11,Sun,4:15PM ET,55,15,20.4,28.2,88.4,0.5,22.1,36.9,273.3,1.6,13.7,41.1,67.3,30.15833333333333,8.475,45.058095238095234,15.3,24.5,90.9,0.9,18.3,34.3,218.3,0.8,25.4,58.5,62.6,23.949523809523807,8.166666666666668,44.67273809523809,W
1998,12,Sun,1:00PM ET,70,0,20.545454545454547,27.272727272727273,85.18181818181819,0.6363636363636364,22.90909090909091,37.09090909090909,276.0,1.5454545454545454,14.818181818181818,41.72727272727273,66.63636363636364,28.96212121212121,8.659090909090908,45.030086580086575,15.272727272727273,24.181818181818183,91.0,0.8181818181818182,18.454545454545453,33.90909090909091,222.45454545454547,0.8181818181818182,24.545454545454547,57.72727272727273,61.72727272727273,23.908658008658005,7.424242424242425,45.55097402597402,L
1998,13,Sun,4:15PM ET,52,9,21.0,28.25,92.91666666666667,0.6666666666666666,22.666666666666668,36.75,279.75,1.5833333333333333,13.583333333333334,44.416666666666664,67.08333333333333,28.444444444444443,8.2875,43.90257936507936,15.25,23.75,88.83333333333333,0.75,18.75,34.083333333333336,219.33333333333334,0.75,24.0,56.416666666666664,61.333333333333336,23.916269841269838,6.805555555555556,45.036309523809514,W
1998,14,Mon,8:20PM ET,73,7,21.153846153846153,27.76923076923077,93.84615384615384,0.7692307692307693,23.153846153846153,37.07692307692308,278.38461538461536,1.4615384615384615,15.153846153846153,45.07692307692308,67.38461538461539,27.814102564102562,6.880769230769231,43.894688644688635,15.0,24.23076923076923,90.07692307692308,0.6923076923076923,18.0,33.23076923076923,216.3846153846154,0.7692307692307693,22.384615384615383,56.0,60.76923076923077,23.768864468864464,6.58974358974359,44.76978021978021,L
1998,15,Sun,1:00PM ET,31,6,21.357142857142858,27.714285714285715,95.64285714285714,0.7142857142857143,23.357142857142858,37.42857142857143,279.2142857142857,1.5,15.214285714285714,44.357142857142854,67.71428571428571,27.095238095238095,6.984523809523809,43.711734693877546,14.785714285714286,23.928571428571427,90.35714285714286,0.6428571428571429,17.857142857142858,32.857142857142854,209.92857142857142,0.7142857142857143,22.785714285714285,54.5,60.142857142857146,24.475850340136052,6.357142857142857,44.53622448979591,W
1998,16,Sun,1:00PM ET,25,11,21.0,28.0,97.06666666666666,0.6666666666666666,22.8,36.6,278.06666666666666,1.4,15.333333333333334,43.06666666666667,67.2,27.022222222222222,7.202222222222222,43.30873015873015,15.266666666666667,23.933333333333334,89.6,0.6,18.6,33.93333333333333,213.46666666666667,0.7333333333333333,21.333333333333332,53.53333333333333,61.06666666666667,24.12031746031746,6.433333333333334,44.45047619047618,W
1998,17,Sun,1:00PM ET,33,14,20.5625,27.9375,95.375,0.6875,22.5625,35.9375,271.25,1.4375,14.375,42.5625,66.3125,26.505208333333332,7.533333333333333,43.16443452380952,15.375,24.375,90.125,0.625,18.5,33.75,212.5625,0.8125,21.0,51.75,61.25,24.17529761904762,7.15625,44.35982142857142,W
1999,2,Sun,1:01PM ET,70,0,23.0,25.5,122.5,1.5,24.0,44.0,310.5,2.0,10.0,36.0,71.5,17.833333333333336,9.333333333333332,39.125,14.5,32.0,117.5,0.0,12.5,23.5,223.0,1.5,20.0,53.5,59.5,31.166666666666668,6.65,41.400000000000006,L
1999,3,Sun,4:15PM ET,82,20,22.0,24.333333333333332,105.33333333333333,1.0,24.0,42.333333333333336,308.3333333333333,1.3333333333333333,11.666666666666666,39.666666666666664,68.66666666666667,18.555555555555557,6.222222222222221,40.638888888888886,16.666666666666668,31.0,110.66666666666667,0.0,14.333333333333334,26.333333333333332,230.0,1.6666666666666667,17.666666666666668,45.666666666666664,60.666666666666664,29.111111111111114,4.433333333333334,47.26666666666667,W
1999,5,Sun,8:22PM ET,58,8,21.0,24.0,103.5,1.0,23.5,41.75,328.75,1.0,18.25,51.75,68.5,18.875,5.666666666666666,39.166666666666664,17.75,31.25,126.25,0.25,14.75,26.25,200.0,2.0,15.75,44.25,60.5,26.791666666666668,9.325,46.53333333333334,W
1999,6,Sun,4:15PM ET,50,0,17.8,21.4,87.0,0.8,20.2,38.0,287.0,1.4,16.2,51.6,61.8,18.866666666666667,5.633333333333333,41.561904761904756,19.8,35.2,131.2,0.2,15.6,27.2,232.6,1.8,12.6,48.2,64.8,24.433333333333334,8.926666666666666,47.42666666666667,L
1999,7,Sun,4:05PM ET,78,8,18.0,22.5,94.0,0.8333333333333334,18.833333333333332,35.833333333333336,268.0,1.3333333333333333,14.666666666666666,50.5,60.5,21.13888888888889,4.694444444444444,41.21825396825397,20.0,33.833333333333336,122.0,0.16666666666666666,17.166666666666668,31.666666666666668,233.66666666666666,2.5,12.5,52.333333333333336,68.0,24.416666666666668,8.494444444444445,45.355555555555554,W
1999,8,Mon,9:07PM ET,40,18,17.857142857142858,23.428571428571427,98.42857142857143,1.1428571428571428,18.428571428571427,36.57142857142857,260.0,1.7142857142857142,16.857142857142858,58.0,62.42857142857143,20.285714285714285,5.261904761904761,40.97278911564626,18.857142857142858,34.142857142857146,123.42857142857143,0.42857142857142855,16.428571428571427,29.857142857142858,215.85714285714286,2.142857142857143,13.428571428571429,54.42857142857143,66.42857142857143,22.642857142857142,7.519047619047619,44.53690476190476,L
1999,9,Sun,1:03PM ET,51,5,18.25,24.125,96.75,1.0,19.5,37.0,260.875,1.625,16.375,54.5,63.625,19.125,5.354166666666666,40.80119047619048,18.875,33.5,128.0,0.5,16.625,30.375,208.5,2.25,12.5,50.625,66.125,21.625,8.204166666666666,43.813541666666666,L
1999,10,Sun,4:15PM ET,86,5,18.444444444444443,23.333333333333332,90.44444444444444,0.8888888888888888,20.22222222222222,38.44444444444444,260.77777777777777,1.6666666666666667,16.333333333333332,54.77777777777778,64.33333333333333,18.77777777777778,4.759259259259259,40.93439153439154,18.88888888888889,33.55555555555556,130.33333333333334,0.6666666666666666,16.22222222222222,29.555555555555557,207.44444444444446,2.0,12.11111111111111,60.0,65.33333333333333,21.38888888888889,9.403703703703703,43.91759259259259,L
1999,11,Sun,1:02PM ET,46,18,19.0,23.7,87.8,0.8,20.8,38.6,265.6,1.5,14.9,58.3,64.7,18.55,5.283333333333333,40.21595238095238,19.0,32.5,128.3,0.6,16.6,30.5,209.2,2.0,10.9,65.9,65.0,20.50714285714286,9.163333333333332,44.06583333333333,W
1999,12,Mon,9:08PM ET,58,10,19.0,23.545454545454547,87.0,0.7272727272727273,21.09090909090909,38.27272727272727,262.90909090909093,1.3636363636363635,14.181818181818182,55.0,64.0909090909091,18.863636363636363,6.409090909090909,40.07510822510823,18.545454545454547,31.636363636363637,129.0909090909091,0.6363636363636364,16.818181818181817,30.90909090909091,207.9090909090909,1.9090909090909092,10.818181818181818,69.45454545454545,64.54545454545455,20.66103896103896,8.542424242424241,43.362878787878785,W
1999,13,Sun,1:02PM ET,42,18,19.0,24.5,95.41666666666667,0.75,20.75,37.083333333333336,253.91666666666666,1.4166666666666667,14.333333333333334,52.5,63.833333333333336,18.5,5.986111111111111,39.15218253968254,18.416666666666668,31.0,125.91666666666667,0.6666666666666666,17.166666666666668,31.583333333333332,209.41666666666666,1.8333333333333333,11.583333333333334,66.58333333333333,64.66666666666667,21.33928571428571,7.830555555555555,43.08263888888888,W
1999,14,Sun,1:02PM ET,35,4,19.53846153846154,24.46153846153846,94.15384615384616,0.7692307692307693,21.153846153846153,37.15384615384615,257.61538461538464,1.3846153846153846,14.692307692307692,54.69230769230769,63.84615384615385,18.692307692307693,5.987179487179487,39.166117216117215,18.615384615384617,29.615384615384617,117.23076923076923,0.9230769230769231,18.076923076923077,32.38461538461539,222.0,1.6923076923076923,11.076923076923077,66.38461538461539,64.0,21.428571428571427,7.228205128205127,43.38397435897435,L
1999,15,Mon,9:15PM ET,70,0,19.571428571428573,24.714285714285715,95.07142857142857,0.7857142857142857,21.285714285714285,37.357142857142854,256.2142857142857,1.4285714285714286,15.5,54.857142857142854,64.42857142857143,18.833333333333336,6.095238095238095,39.429761904761904,18.357142857142858,29.357142857142858,114.28571428571429,1.0,17.928571428571427,32.142857142857146,224.57142857142858,1.5714285714285714,12.357142857142858,67.71428571428571,63.42857142857143,22.022959183673468,7.336904761904761,43.630357142857136,L
1999,16,Sun,4:15PM ET,58,12,19.2,23.866666666666667,89.53333333333333,0.8666666666666667,21.533333333333335,38.06666666666667,254.73333333333332,1.4666666666666666,14.666666666666666,52.53333333333333,64.2,18.673015873015874,5.955555555555555,39.20111111111111,18.266666666666666,29.866666666666667,114.93333333333334,0.9333333333333333,17.933333333333334,32.06666666666667,219.6,1.5333333333333334,11.533333333333333,64.86666666666666,63.733333333333334,22.110317460317457,7.203333333333332,43.48166666666666,L
1999,17,Sun,1:02PM ET,32,10,19.625,24.125,94.9375,0.8125,21.5,37.8125,258.25,1.4375,14.5,50.5,64.1875,19.28095238095238,6.145833333333333,38.646875,19.0,29.5,112.75,0.9375,19.0,33.625,230.625,1.625,11.5625,62.0625,65.0,21.915922619047617,6.753124999999999,43.47239583333333,W
2000,2,Sun,1:01PM ET,81,8,13.5,16.0,51.0,2.0,19.5,34.5,210.5,0.5,19.0,46.5,53.0,23.35,24.0,39.48214285714286,22.0,34.0,103.5,0.0,20.5,35.0,260.0,1.0,19.5,54.0,71.5,19.575,0.5,42.73809523809524,L
2000,3,Sun,1:02PM ET,67,9,15.333333333333334,20.333333333333332,60.333333333333336,1.6666666666666667,19.0,34.0,203.33333333333334,1.3333333333333333,23.333333333333332,41.333333333333336,57.666666666666664,23.233333333333334,19.0,41.25476190476191,18.666666666666668,30.0,97.33333333333333,0.0,18.666666666666668,33.666666666666664,212.66666666666666,1.0,23.666666666666668,74.33333333333333,67.0,20.883333333333333,2.8333333333333335,43.97354497354498,W
2000,4,Sun,4:06PM ET,87,6,17.25,24.25,89.25,1.5,18.75,33.5,224.5,1.0,19.75,44.25,60.5,22.3,15.833333333333334,41.06607142857143,17.0,25.75,80.0,0.0,19.25,36.0,206.75,1.75,19.75,67.0,64.5,22.1625,4.875,44.980158730158735,W
2000,5,Sun,4:15PM ET,72,12,18.2,22.2,80.2,1.6,21.2,36.4,246.2,1.0,18.4,42.4,61.2,22.773333333333333,13.666666666666668,40.98619047619048,16.2,27.8,99.6,0.0,17.6,32.8,206.0,1.4,18.0,66.6,63.8,24.23,3.9,43.85912698412699,L
2000,6,Sun,1:01PM ET,70,0,18.333333333333332,22.166666666666668,78.33333333333333,1.6666666666666667,22.166666666666668,37.5,254.0,1.3333333333333333,19.166666666666668,40.166666666666664,62.5,23.91111111111111,12.755555555555558,39.571825396825396,15.333333333333334,27.166666666666668,95.33333333333333,0.0,16.833333333333332,31.666666666666668,204.83333333333334,1.3333333333333333,18.333333333333332,63.833333333333336,62.0,23.38611111111111,4.0,44.239748677248684,L
2000,7,Sun,4:15PM ET,54,4,18.857142857142858,23.428571428571427,86.0,1.4285714285714286,21.857142857142858,36.0,255.71428571428572,1.1428571428571428,19.285714285714285,43.714285714285715,62.142857142857146,24.180952380952384,10.933333333333335,39.404421768707486,16.428571428571427,26.0,95.28571428571429,0.0,18.285714285714285,33.142857142857146,223.57142857142858,1.1428571428571428,18.142857142857142,62.285714285714285,62.142857142857146,22.816666666666666,3.9285714285714284,42.719784580498875,W
2000,9,Sun,1:02PM ET,81,13,19.125,23.5,91.875,1.375,21.75,35.75,248.0,1.125,17.875,45.625,61.875,24.058333333333334,10.379166666666668,38.90386904761905,16.5,26.5,100.875,0.125,18.0,32.125,215.375,1.0,16.125,67.5,61.375,22.652083333333334,8.9375,42.27564484126985,L
2000,10,Mon,9:09PM ET,50,19,19.11111111111111,23.77777777777778,90.66666666666667,1.2222222222222223,21.22222222222222,35.77777777777778,246.55555555555554,1.0,17.88888888888889,47.55555555555556,62.111111111111114,24.96851851851852,9.55925925925926,38.48399470899471,17.11111111111111,27.22222222222222,107.11111111111111,0.2222222222222222,17.88888888888889,32.44444444444444,222.11111111111111,1.3333333333333333,17.22222222222222,74.33333333333333,62.44444444444444,22.424074074074074,8.5,42.21723985890654,W
2000,11,Sun,4:15PM ET,75,7,18.8,23.3,91.3,1.2,21.4,36.5,242.9,0.9,16.6,46.3,62.2,24.52166666666667,10.653333333333334,38.51559523809524,16.8,27.5,107.2,0.2,17.7,31.9,216.3,1.3,15.5,70.6,61.9,22.301666666666666,8.45,41.878849206349216,L
2000,12,Sun,1:02PM ET,27,8,19.363636363636363,23.727272727272727,96.18181818181819,1.0909090909090908,21.545454545454547,36.54545454545455,248.1818181818182,0.9090909090909091,16.363636363636363,46.27272727272727,62.63636363636363,25.004545454545454,10.13939393939394,38.150541125541125,17.545454545454547,26.545454545454547,103.9090909090909,0.2727272727272727,18.363636363636363,33.0,223.36363636363637,1.2727272727272727,16.545454545454547,70.45454545454545,62.18181818181818,22.165151515151514,7.681818181818182,41.70804473304474,W
2000,13,Mon,9:12PM ET,46,3,19.416666666666668,22.916666666666668,95.41666666666667,1.1666666666666667,22.333333333333332,37.75,249.75,1.0833333333333333,17.333333333333332,47.0,63.083333333333336,24.387500000000003,9.815277777777778,38.0546626984127,18.083333333333332,26.916666666666668,106.33333333333333,0.3333333333333333,18.666666666666668,33.333333333333336,225.0,1.25,16.833333333333332,66.66666666666667,62.833333333333336,22.0125,7.708333333333333,41.36570767195768,L
2000,14,Sun,8:35PM ET,33,6,19.23076923076923,23.307692307692307,94.3076923076923,1.0769230769230769,22.076923076923077,37.23076923076923,247.84615384615384,1.0,16.153846153846153,46.61538461538461,62.84615384615385,24.011538461538464,9.060256410256411,37.7757326007326,18.0,26.615384615384617,106.15384615384616,0.3076923076923077,18.923076923076923,34.15384615384615,225.6153846153846,1.3076923076923077,16.076923076923077,64.6923076923077,63.23076923076923,21.903846153846153,7.653846153846154,41.09398656898657,W
2000,15,Sun,1:02PM ET,25,13,19.0,23.928571428571427,96.71428571428571,1.0714285714285714,21.571428571428573,37.142857142857146,245.0,1.0,15.428571428571429,44.07142857142857,63.357142857142854,24.725,8.960714285714287,37.86318027210884,17.785714285714285,26.928571428571427,105.92857142857143,0.42857142857142855,18.785714285714285,34.07142857142857,223.07142857142858,1.4285714285714286,14.928571428571429,62.214285714285715,63.285714285714285,21.90051020408163,7.392857142857143,41.39084467120182,W
2000,16,Sun,1:00PM ET,70,0,19.6,24.4,100.53333333333333,1.0,21.866666666666667,37.2,248.0,0.9333333333333333,15.066666666666666,42.8,63.8,24.38777777777778,8.796666666666669,38.872301587301585,17.866666666666667,26.266666666666666,103.4,0.4666666666666667,19.066666666666666,34.333333333333336,230.53333333333333,1.4,14.133333333333333,62.53333333333333,62.8,21.915476190476188,6.9,41.875899470899476,W
2000,17,Sun,1:02PM ET,15,15,19.6875,25.25,102.6875,1.0625,21.75,37.5,244.75,1.0,14.875,42.8125,64.875,24.07604166666667,8.538541666666667,39.03653273809524,17.75,26.0625,101.125,0.4375,19.1875,34.8125,230.9375,1.3125,15.25,62.0,63.25,21.899925595238095,6.5625,41.72456484487735,W
2001,2,Mon,9:08PM ET,46,12,21.5,34.5,169.5,0.5,21.0,29.5,248.0,0.5,12.5,25.0,66.0,16.333333333333336,5.9,40.875,11.0,17.5,63.5,1.5,17.5,31.5,189.0,1.5,40.0,63.5,55.0,24.2,10.75,37.9375,W
2001,3,Sun,1:03PM ET,64,14,21.666666666666668,33.333333333333336,138.0,0.3333333333333333,22.333333333333332,32.666666666666664,268.0,1.0,8.333333333333334,31.666666666666668,67.33333333333333,18.88888888888889,5.6000000000000005,40.833333333333336,10.333333333333334,17.333333333333332,54.333333333333336,1.6666666666666667,17.666666666666668,31.0,179.33333333333334,1.3333333333333333,35.666666666666664,54.0,53.333333333333336,22.24444444444444,10.833333333333334,40.291666666666664,W
2001,4,Sun,4:15PM ET,80,9,20.0,30.5,120.75,0.25,21.75,33.25,265.5,1.5,7.5,30.25,65.0,14.166666666666668,5.283333333333333,42.0,10.75,17.75,65.5,1.5,19.0,30.5,180.5,1.0,34.25,55.5,53.25,23.18333333333333,8.875,41.385416666666664,L
2001,5,Sun,1:02PM ET,54,12,20.6,29.2,108.6,0.4,22.8,33.4,279.8,1.2,7.2,30.0,64.0,13.4,4.226666666666667,41.45,13.0,21.0,84.0,1.6,18.4,30.6,186.0,1.2,29.2,61.4,55.8,22.346666666666664,12.166666666666666,41.358333333333334,W
2001,6,Sun,3:15PM ET,70,0,18.833333333333332,26.833333333333332,102.83333333333333,0.3333333333333333,22.5,33.666666666666664,261.3333333333333,1.1666666666666667,7.5,33.0,61.833333333333336,14.25,3.3555555555555556,42.074999999999996,14.666666666666666,23.5,103.33333333333333,1.6666666666666667,18.333333333333332,30.0,185.66666666666666,1.0,25.5,60.166666666666664,57.333333333333336,20.066666666666666,10.472222222222221,41.6875,L
2001,8,Sun,1:02PM ET,52,12,18.428571428571427,27.142857142857142,114.42857142857143,0.42857142857142855,21.571428571428573,32.714285714285715,249.71428571428572,1.2857142857142858,8.142857142857142,37.857142857142854,61.142857142857146,14.392857142857142,6.114285714285714,42.39081632653061,14.714285714285714,23.571428571428573,97.28571428571429,1.4285714285714286,18.285714285714285,30.0,184.42857142857142,0.8571428571428571,28.142857142857142,61.0,57.857142857142854,19.807142857142853,10.5,41.63690476190476,W
2001,9,Sun,1:02PM ET,48,8,18.25,26.625,112.625,0.5,21.25,32.625,252.0,1.25,7.125,39.375,60.5,14.28125,6.1625,42.24821428571428,15.0,23.625,91.0,1.375,19.625,32.25,188.75,0.75,25.125,55.25,59.75,19.956249999999997,9.3125,42.25729166666667,W
2001,10,Sun,1:02PM ET,59,16,17.77777777777778,25.77777777777778,107.88888888888889,0.5555555555555556,20.666666666666668,32.22222222222222,253.11111111111111,1.4444444444444444,8.444444444444445,37.77777777777778,59.333333333333336,14.316666666666666,6.144444444444444,42.85952380952381,16.11111111111111,23.77777777777778,90.0,1.2222222222222223,20.666666666666668,34.22222222222222,206.88888888888889,0.8888888888888888,24.22222222222222,56.888888888888886,61.77777777777778,19.96111111111111,9.277777777777779,42.31203703703704,L
2001,11,Thu,12:36PM ET,70,0,18.3,25.9,107.5,0.7,20.4,31.6,253.0,1.3,9.3,40.3,58.9,14.768333333333334,6.13,43.223571428571425,16.4,23.9,97.7,1.2,20.3,34.7,206.9,0.9,23.2,62.9,62.3,19.964999999999996,9.65,42.91416666666667,W
2001,12,Mon,9:07PM ET,56,10,18.454545454545453,25.454545454545453,101.0909090909091,0.7272727272727273,20.727272727272727,32.54545454545455,262.90909090909093,1.1818181818181819,9.363636363636363,44.0,59.36363636363637,14.934848484848485,6.118181818181818,43.5538961038961,16.727272727272727,23.818181818181817,94.45454545454545,1.2727272727272727,20.818181818181817,35.63636363636363,216.36363636363637,1.0,23.363636363636363,67.27272727272727,63.27272727272727,20.095454545454544,9.818181818181818,42.724999999999994,W
2001,13,Sun,1:02PM ET,33,12,18.333333333333332,26.333333333333332,106.58333333333333,0.6666666666666666,20.25,32.083333333333336,258.25,1.1666666666666667,10.416666666666666,43.583333333333336,59.833333333333336,15.106944444444444,5.691666666666666,43.34107142857143,16.25,23.416666666666668,90.75,1.1666666666666667,20.583333333333332,35.416666666666664,209.91666666666666,1.0,21.416666666666668,62.916666666666664,62.333333333333336,20.3375,9.5,42.45029761904762,W
2001,14,Sun,4:15PM ET,62,17,18.0,25.46153846153846,100.76923076923077,0.6923076923076923,20.23076923076923,32.53846153846154,253.69230769230768,1.1538461538461537,10.153846153846153,42.53846153846154,59.46153846153846,15.483333333333333,7.484615384615385,43.302014652014655,16.76923076923077,24.23076923076923,96.61538461538461,1.2307692307692308,20.923076923076923,35.46153846153846,215.53846153846155,0.9230769230769231,21.846153846153847,59.92307692307692,63.23076923076923,20.00384615384615,8.76923076923077,42.97335164835165,L
2001,15,Sun,4:15PM ET,24,15,17.928571428571427,26.0,109.42857142857143,0.7142857142857143,20.071428571428573,32.214285714285715,245.5,1.0714285714285714,9.428571428571429,39.857142857142854,59.57142857142857,15.48452380952381,7.807142857142857,43.37568027210885,16.714285714285715,24.357142857142858,101.71428571428571,1.2857142857142858,21.0,35.285714285714285,214.64285714285714,1.0714285714285714,22.714285714285715,58.142857142857146,63.214285714285715,19.979761904761904,8.928571428571429,42.99566326530613,W
2001,16,Sun,1:02PM ET,19,14,17.6,25.6,105.86666666666666,0.7333333333333333,19.933333333333334,32.0,240.4,1.0,9.6,41.2,59.0,16.135555555555555,7.286666666666666,42.642301587301596,16.866666666666667,25.666666666666668,108.2,1.2,20.333333333333332,34.93333333333333,207.93333333333334,1.2,21.933333333333334,57.13333333333333,64.0,19.91444444444444,8.55,42.609285714285726,W
2001,17,Sun,1:04PM ET,37,5,17.625,25.625,105.8125,0.75,19.625,31.875,245.0625,0.9375,9.4375,39.5625,58.875,17.28333333333333,6.997916666666667,42.727157738095244,17.375,25.375,110.5625,1.1875,21.3125,36.4375,219.0625,1.25,21.0625,57.5625,65.0625,19.721874999999997,8.109375,42.868080357142865,W
2002,2,Sun,1:04PM ET,70,0,23.5,29.5,153.0,2.0,27.0,40.0,277.0,0.5,9.5,44.0,71.0,21.0,0.0,44.625,19.0,29.0,163.0,0.5,15.5,25.5,213.0,1.0,10.5,70.5,57.0,24.1,23.5,39.75,L
2002,3,Sun,4:17PM ET,70,0,23.0,30.0,133.66666666666666,2.0,28.333333333333332,42.333333333333336,303.6666666666667,0.6666666666666666,9.666666666666666,58.666666666666664,73.66666666666667,24.166666666666668,1.0,43.333333333333336,17.333333333333332,26.333333333333332,140.33333333333334,0.6666666666666666,15.333333333333334,28.666666666666668,202.66666666666666,2.0,9.0,55.0,57.0,25.150000000000002,27.666666666666668,41.36666666666667,W
2002,4,Sun,1:02PM ET,65,5,21.5,28.0,125.0,1.5,26.0,40.0,285.5,0.75,15.25,64.75,70.0,23.375,2.2857142857142856,43.15625,17.5,28.5,140.0,1.25,14.0,27.5,202.5,1.5,9.0,60.5,58.5,23.195833333333333,22.3,42.81071428571428,W
2002,5,Mon,9:08PM ET,46,5,21.2,28.4,124.8,1.4,25.2,38.6,300.2,0.6,17.4,61.6,69.2,22.433333333333334,2.5085714285714285,43.725,18.0,26.0,121.0,1.2,16.6,32.0,232.6,1.8,10.8,61.4,60.6,23.12333333333333,20.106666666666666,43.28857142857142,W
2002,6,Sun,1:02PM ET,61,10,21.0,29.666666666666668,130.33333333333334,1.1666666666666667,23.833333333333332,36.666666666666664,274.6666666666667,0.5,15.166666666666666,61.333333333333336,68.33333333333333,20.583333333333332,2.0904761904761906,43.604166666666664,18.333333333333332,25.333333333333332,121.33333333333333,1.1666666666666667,17.833333333333332,34.0,224.33333333333334,2.0,11.833333333333334,72.16666666666667,61.833333333333336,22.936111111111114,18.33888888888889,42.68492063492064,W
2002,7,Sun,4:15PM ET,44,15,20.714285714285715,29.0,124.28571428571429,1.1428571428571428,23.285714285714285,35.57142857142857,259.2857142857143,0.42857142857142855,14.714285714285714,66.14285714285714,66.42857142857143,20.535714285714285,4.363265306122449,41.898809523809526,18.428571428571427,26.571428571428573,124.85714285714286,1.5714285714285714,16.714285714285715,32.57142857142857,211.57142857142858,1.7142857142857142,16.285714285714285,80.28571428571429,62.142857142857146,22.31258503401361,16.29047619047619,41.72993197278912,W
2002,9,Mon,9:08PM ET,30,6,20.125,28.25,121.75,1.0,22.5,34.5,250.375,0.5,15.625,66.75,64.75,20.78125,4.151190476190476,41.348958333333336,19.25,27.0,127.125,1.625,17.375,33.75,209.875,1.75,18.625,77.125,64.0,22.198511904761908,14.566666666666666,41.31369047619047,W
2002,10,Sun,1:02PM ET,50,6,20.555555555555557,28.88888888888889,124.88888888888889,1.1111111111111112,23.22222222222222,35.333333333333336,262.8888888888889,0.4444444444444444,15.0,65.22222222222223,66.22222222222223,20.620370370370367,4.001058201058201,41.4212962962963,18.555555555555557,25.88888888888889,127.0,1.4444444444444444,17.666666666666668,34.888888888888886,212.77777777777777,1.7777777777777777,16.555555555555557,69.66666666666667,63.666666666666664,22.37398589065256,12.985185185185184,40.786772486772485,W
2002,11,Sun,12:00PM ET,70,0,20.3,27.8,119.5,1.0,23.3,36.1,266.2,0.7,13.5,70.5,65.7,21.10833333333333,3.6009523809523807,41.13630952380952,19.1,27.0,136.1,1.4,17.2,34.0,213.2,1.8,15.9,73.2,63.8,22.761587301587305,12.236666666666666,40.45809523809523,L
2002,12,Sun,4:15PM ET,70,5,19.818181818181817,27.363636363636363,117.36363636363636,0.9090909090909091,23.0,36.27272727272727,259.8181818181818,1.0,14.545454545454545,69.72727272727273,65.54545454545455,20.96212121212121,4.40995670995671,41.82521645021645,18.636363636363637,26.818181818181817,132.1818181818182,1.2727272727272727,17.272727272727273,33.63636363636363,209.0,1.7272727272727273,15.727272727272727,71.45454545454545,63.18181818181818,23.192352092352095,11.533333333333333,40.74599567099567,L
2002,13,Sun,1:02PM ET,23,10,20.333333333333332,27.75,122.66666666666667,0.9166666666666666,23.083333333333332,36.75,256.5833333333333,1.0,13.833333333333334,66.66666666666667,66.33333333333333,21.020833333333332,4.709126984126984,42.06200396825397,18.666666666666668,26.0,127.33333333333333,1.4166666666666667,18.083333333333332,34.0,212.25,1.6666666666666667,15.916666666666666,68.75,62.75,22.997751322751323,11.238888888888889,40.7671626984127,W
2002,14,Sun,8:35PM ET,11,5,20.307692307692307,27.76923076923077,122.76923076923077,0.9230769230769231,23.0,36.38461538461539,253.30769230769232,1.0,13.538461538461538,63.46153846153846,65.92307692307692,20.903846153846153,4.962271062271062,41.49313186813186,18.384615384615383,25.923076923076923,132.23076923076923,1.3076923076923077,17.846153846153847,33.53846153846154,206.3846153846154,1.6153846153846154,15.538461538461538,68.23076923076923,62.23076923076923,22.45946275946276,10.374358974358975,40.18891941391941,W
2002,15,Sun,4:15PM ET,58,22,20.357142857142858,28.142857142857142,121.42857142857143,0.8571428571428571,23.142857142857142,36.142857142857146,249.57142857142858,0.9285714285714286,12.785714285714286,60.357142857142854,66.0,20.607142857142858,4.750680272108844,41.005527210884345,18.214285714285715,25.714285714285715,130.42857142857142,1.2142857142857142,17.928571428571427,33.57142857142857,202.78571428571428,1.5714285714285714,14.428571428571429,64.64285714285714,61.857142857142854,21.88378684807256,9.633333333333335,40.28256802721088,W
2002,16,Sun,1:02PM ET,27,25,19.933333333333334,28.266666666666666,121.26666666666667,0.8,22.6,35.93333333333333,240.53333333333333,1.0,12.6,58.0,65.93333333333334,19.833333333333332,4.611746031746033,40.96706349206349,18.133333333333333,25.6,124.6,1.4,17.933333333333334,33.733333333333334,201.2,1.6,15.933333333333334,61.0,62.13333333333333,21.335978835978835,9.307777777777778,40.74150793650793,W
2002,17,Sun,4:16PM ET,40,12,19.875,28.1875,120.8125,0.75,22.5625,36.25,238.9375,1.0,12.25,57.0625,66.125,19.745535714285715,4.307886904761905,41.04203869047618,18.375,25.8125,124.875,1.3125,17.9375,33.1875,201.75,1.5,15.0625,59.0625,61.6875,21.377480158730158,9.309375000000001,40.601413690476186,L
2003,2,Sun,1:02PM ET,63,12,19.5,27.0,131.0,1.0,20.0,34.5,190.0,2.5,3.0,47.5,62.0,22.964285714285715,4.416666666666666,39.0,17.5,26.5,105.0,1.0,20.5,42.5,218.0,1.5,8.0,62.5,70.5,23.25,2.0,37.22222222222222,W
2003,3,Sun,4:06PM ET,102,4,19.0,25.666666666666668,109.33333333333333,1.0,21.0,34.0,208.33333333333334,2.0,2.0,47.666666666666664,60.0,21.576190476190476,7.944444444444444,40.416666666666664,18.666666666666668,28.0,97.0,0.6666666666666666,20.333333333333332,38.666666666666664,236.33333333333334,1.3333333333333333,5.333333333333333,60.666666666666664,67.66666666666667,22.5,3.3333333333333335,41.81481481481482,L
2003,4,Mon,9:09PM ET,58,3,19.25,25.5,128.75,0.75,21.25,33.0,204.5,1.75,1.5,45.25,58.75,22.182142857142857,7.208333333333333,40.145833333333336,19.75,28.0,118.0,0.5,21.5,40.0,227.5,1.5,9.25,61.0,70.0,21.089285714285715,5.25,41.486111111111114,W
2003,5,Sun,1:02PM ET,48,5,20.8,27.4,134.8,0.6,20.8,31.4,200.6,1.4,2.8,41.2,59.2,22.612380952380953,5.766666666666667,37.91666666666667,20.4,27.0,120.0,0.6,21.8,39.8,227.0,1.4,9.4,60.2,68.8,20.038095238095238,4.2,39.58888888888889,W
2003,6,Sun,1:02PM ET,60,17,21.333333333333332,28.666666666666668,142.83333333333334,0.6666666666666666,21.5,32.166666666666664,212.5,1.3333333333333333,4.833333333333333,38.5,61.666666666666664,22.73253968253968,6.222222222222221,39.05555555555556,20.666666666666668,26.833333333333332,113.66666666666667,0.5,22.666666666666668,40.666666666666664,255.83333333333334,1.1666666666666667,7.833333333333333,56.833333333333336,69.16666666666667,18.9484126984127,8.666666666666666,39.90740740740741,L
2003,7,Sun,1:02PM ET,70,0,21.428571428571427,28.285714285714285,139.0,1.0,21.714285714285715,32.142857142857146,220.42857142857142,1.2857142857142858,5.857142857142857,38.714285714285715,61.285714285714285,21.818367346938775,5.333333333333333,40.011904761904766,20.857142857142858,26.857142857142858,116.14285714285714,0.42857142857142855,22.571428571428573,39.714285714285715,254.57142857142858,1.2857142857142858,7.857142857142857,57.857142857142854,68.28571428571429,19.06292517006803,8.714285714285714,40.38492063492064,L
2003,9,Sun,8:35PM ET,70,0,21.75,29.0,154.25,0.875,21.25,31.625,217.125,1.25,5.625,37.0,61.5,21.59107142857143,5.791666666666666,40.82291666666667,20.75,26.625,117.25,0.375,22.375,39.0,248.0,1.125,7.375,53.125,67.375,19.108630952380953,9.0625,40.96180555555556,W
2003,10,Mon,9:08PM ET,39,8,21.22222222222222,29.88888888888889,163.88888888888889,1.0,20.444444444444443,30.555555555555557,205.11111111111111,1.2222222222222223,9.555555555555555,36.55555555555556,61.666666666666664,21.747619047619047,5.148148148148148,40.890211640211646,20.11111111111111,27.0,114.44444444444444,0.3333333333333333,21.555555555555557,38.111111111111114,242.44444444444446,1.0,7.444444444444445,51.666666666666664,66.77777777777777,20.54100529100529,8.88888888888889,40.79144620811288,L
2003,11,Sun,4:15PM ET,80,5,20.6,30.7,166.5,0.9,19.7,30.3,193.8,1.2,8.6,35.8,62.1,22.672857142857143,5.8533333333333335,40.95119047619048,19.1,26.1,118.4,0.4,21.1,37.1,233.1,1.1,8.5,51.3,65.0,20.686904761904763,8.0,41.26230158730159,W
2003,12,Sun,1:02PM ET,38,10,20.363636363636363,32.27272727272727,173.45454545454547,0.8181818181818182,18.818181818181817,28.90909090909091,188.72727272727272,1.3636363636363635,8.0,36.18181818181818,62.27272727272727,22.823809523809526,6.048484848484848,41.31926406926407,18.545454545454547,25.636363636363637,114.27272727272727,0.36363636363636365,20.454545454545453,36.45454545454545,224.8181818181818,1.0909090909090908,9.818181818181818,50.72727272727273,64.0909090909091,20.806277056277057,7.818181818181818,40.571789321789325,W
2003,13,Thu,12:37PM ET,70,0,20.166666666666668,30.916666666666668,163.33333333333334,0.9166666666666666,19.166666666666668,29.583333333333332,197.66666666666666,1.5,9.666666666666666,37.25,61.833333333333336,23.15793650793651,5.752777777777777,41.11210317460318,18.416666666666668,26.333333333333332,112.58333333333333,0.3333333333333333,20.5,36.083333333333336,221.33333333333334,1.0833333333333333,9.916666666666666,49.833333333333336,64.41666666666667,20.683531746031747,7.972222222222222,40.20469576719577,L
2003,14,Sun,1:02PM ET,35,16,19.923076923076923,31.46153846153846,158.23076923076923,0.8461538461538461,19.384615384615383,29.846153846153847,198.6153846153846,1.4615384615384615,8.923076923076923,38.76923076923077,62.53846153846154,22.940659340659337,5.387179487179487,40.87271062271062,18.0,25.846153846153847,107.3076923076923,0.46153846153846156,20.23076923076923,36.38461538461539,224.0,1.2307692307692308,11.076923076923077,49.46153846153846,64.3076923076923,21.121336996336996,9.282051282051283,40.394078144078144,W
2003,15,Sun,4:15PM ET,61,8,19.714285714285715,31.142857142857142,152.85714285714286,0.7857142857142857,19.642857142857142,30.071428571428573,204.28571428571428,1.4285714285714286,8.285714285714286,42.857142857142854,62.357142857142854,23.387755102040813,5.502380952380952,41.367517006802714,18.357142857142858,25.928571428571427,105.92857142857143,0.6428571428571429,20.785714285714285,37.214285714285715,233.92857142857142,1.2142857142857142,12.214285714285714,50.857142857142854,65.21428571428571,21.092261904761905,9.30952380952381,40.342120181405896,W
2003,16,Mon,9:05PM ET,54,6,19.933333333333334,31.533333333333335,153.06666666666666,0.7333333333333333,19.8,30.066666666666666,217.26666666666668,1.3333333333333333,8.2,44.666666666666664,62.733333333333334,24.895238095238092,5.691111111111111,41.43190476190476,18.333333333333332,25.266666666666666,105.8,0.6666666666666666,20.866666666666667,37.46666666666667,233.2,1.2666666666666666,13.333333333333334,49.13333333333333,65.0,20.95277777777778,9.422222222222222,41.07931216931217,W
2003,17,Sun,4:15PM ET,45,15,19.6875,31.6875,159.875,0.6875,19.375,29.5625,211.0625,1.3125,8.5625,43.6875,62.4375,24.58928571428571,6.210416666666666,41.379910714285714,18.0,25.8125,106.3125,0.6875,20.375,36.8125,225.0,1.3125,12.5,47.9375,64.75,21.1015625,9.604166666666668,41.16364087301587,W
2004,2,Sun,1:02PM ET,74,15,22.5,39.0,152.0,0.5,19.5,32.0,197.5,1.0,8.0,63.5,72.0,20.0,10.0,39.7,17.5,24.0,110.0,1.0,16.5,29.0,208.0,1.0,14.5,37.0,54.5,19.833333333333336,3.0,43.7,L
2004,3,Sun,4:15PM ET,70,0,23.0,32.333333333333336,126.0,0.6666666666666666,24.333333333333332,38.0,263.0,1.0,8.333333333333334,70.33333333333333,71.33333333333333,22.041666666666668,9.0,40.550000000000004,20.333333333333332,24.0,93.33333333333333,0.6666666666666666,20.333333333333332,32.666666666666664,269.6666666666667,0.6666666666666666,9.666666666666666,48.0,57.666666666666664,21.055555555555557,3.6666666666666665,43.38333333333333,L
2004,4,Sun,1:02PM ET,61,18,21.0,29.0,114.75,0.75,23.25,37.5,252.25,1.25,6.25,70.75,67.25,21.65625,7.0,39.7875,20.5,26.75,131.25,0.5,20.25,31.0,249.0,0.75,14.5,55.0,59.5,20.666666666666668,3.75,44.725,L
2004,5,Mon,9:09PM ET,50,2,21.2,25.4,98.8,1.2,24.8,40.4,282.2,1.6,5.0,59.6,66.4,21.147222222222222,5.7,38.63,21.0,30.2,149.8,0.4,19.4,30.2,245.6,0.6,11.6,65.0,61.8,19.573333333333334,4.4,43.38,L
2004,6,Sun,1:03PM ET,70,0,22.333333333333332,27.666666666666668,108.5,1.0,25.0,40.166666666666664,281.3333333333333,1.3333333333333333,4.166666666666667,52.166666666666664,68.33333333333333,20.28935185185185,6.527777777777778,39.425000000000004,18.333333333333332,27.833333333333332,130.33333333333334,0.3333333333333333,18.166666666666668,29.0,221.5,0.6666666666666666,11.166666666666666,57.5,58.166666666666664,21.366666666666664,7.666666666666667,43.2452380952381,W
2004,7,Sun,4:15PM ET,55,8,22.428571428571427,28.142857142857142,124.42857142857143,0.8571428571428571,24.857142857142858,38.714285714285715,279.14285714285717,1.1428571428571428,4.428571428571429,50.42857142857143,67.42857142857143,20.790873015873018,5.595238095238095,39.364285714285714,18.285714285714285,26.142857142857142,121.14285714285714,0.2857142857142857,18.857142857142858,30.0,233.85714285714286,0.5714285714285714,11.285714285714286,54.57142857142857,57.57142857142857,19.933333333333334,7.857142857142857,42.26734693877551,W
2004,8,Sun,1:03PM ET,78,9,22.125,28.125,119.875,0.875,24.25,37.875,280.375,1.375,5.875,53.25,66.625,21.25451388888889,6.145833333333333,39.94375,18.5,25.25,116.125,0.25,19.625,31.875,231.875,0.75,13.25,58.0,58.875,20.566666666666666,7.9375,41.838095238095235,W
2004,10,Sun,4:15PM ET,46,7,22.333333333333332,28.88888888888889,129.44444444444446,0.8888888888888888,23.77777777777778,36.888888888888886,275.44444444444446,1.2222222222222223,5.222222222222222,50.111111111111114,66.33333333333333,21.91141975308642,6.407407407407407,38.87592592592593,18.88888888888889,24.22222222222222,111.11111111111111,0.2222222222222222,20.444444444444443,33.22222222222222,246.44444444444446,0.6666666666666666,13.777777777777779,55.666666666666664,59.44444444444444,20.45925925925926,6.944444444444445,41.100529100529094,W
2004,11,Sun,8:35PM ET,70,0,22.3,28.1,125.5,0.8,24.7,38.2,286.2,1.3,4.7,54.1,66.8,21.220277777777778,6.341666666666667,38.98833333333333,18.3,24.5,110.7,0.2,19.7,32.6,238.2,0.6,14.4,52.6,59.1,20.238333333333333,7.5166666666666675,41.390476190476186,W
2004,12,Mon,9:09PM ET,28,4,22.272727272727273,28.09090909090909,135.0909090909091,0.7272727272727273,24.09090909090909,37.18181818181818,279.72727272727275,1.1818181818181819,4.2727272727272725,54.18181818181818,65.72727272727273,20.927525252525253,5.765151515151515,39.11060606060606,18.90909090909091,23.818181818181817,104.9090909090909,0.36363636363636365,21.09090909090909,34.45454545454545,257.27272727272725,0.6363636363636364,17.0,52.36363636363637,60.45454545454545,20.091666666666665,7.196969696969697,40.35497835497835,W
2004,13,Sun,4:15PM ET,55,14,22.083333333333332,27.25,128.0,0.6666666666666666,23.916666666666668,37.416666666666664,275.25,1.25,6.166666666666667,57.916666666666664,65.5,20.996064814814815,6.201388888888888,39.611805555555556,19.75,23.583333333333332,103.91666666666667,0.4166666666666667,22.0,35.333333333333336,274.5,0.5833333333333334,16.833333333333332,55.416666666666664,61.25,19.66736111111111,7.555555555555556,40.464285714285715,L
2004,14,Sun,4:15PM ET,33,28,21.923076923076923,27.384615384615383,127.07692307692308,0.6153846153846154,23.53846153846154,37.30769230769231,268.53846153846155,1.1538461538461537,5.923076923076923,60.69230769230769,65.53846153846153,20.419444444444444,5.724358974358974,39.65265567765568,19.53846153846154,24.76923076923077,110.76923076923077,0.38461538461538464,20.692307692307693,34.30769230769231,257.0,0.5384615384615384,16.46153846153846,57.69230769230769,61.38461538461539,19.477564102564102,7.58974358974359,39.707417582417584,W
2004,15,Sun,4:15PM ET,12,13,22.214285714285715,26.928571428571427,124.71428571428571,0.7142857142857143,24.0,37.785714285714285,275.57142857142856,1.2857142857142858,6.714285714285714,63.57142857142857,65.64285714285714,20.303769841269844,6.086904761904761,39.53460884353741,19.5,25.571428571428573,116.92857142857143,0.5,19.857142857142858,33.285714285714285,247.28571428571428,0.5,15.714285714285714,59.642857142857146,61.07142857142857,19.31845238095238,7.761904761904762,39.483418367346935,L
2004,16,Fri,3:00PM ET,70,0,22.466666666666665,27.4,123.2,0.6666666666666666,24.4,38.13333333333333,281.53333333333336,1.2666666666666666,6.733333333333333,61.0,66.46666666666667,20.950185185185187,6.147777777777777,39.832301587301586,19.333333333333332,25.466666666666665,117.86666666666666,0.4666666666666667,19.6,32.6,249.8,0.4666666666666667,14.666666666666666,60.86666666666667,60.13333333333333,20.05722222222222,7.311111111111112,39.46785714285714,W
2004,17,Sun,1:03PM ET,44,12,22.125,27.5625,119.25,0.625,23.875,37.375,284.375,1.1875,6.3125,59.375,65.8125,20.86996527777778,5.846874999999999,39.66778273809524,19.1875,25.5625,117.375,0.4375,19.625,32.375,246.4375,0.5,17.5,58.875,60.4375,20.0640625,7.822916666666667,39.34486607142857,W
2005,2,Sun,4:15PM ET,76,7,20.0,23.5,81.0,0.5,29.5,44.0,271.5,2.0,18.5,70.5,70.0,19.175,7.666666666666666,37.833333333333336,18.5,27.0,78.5,0.0,18.0,30.0,251.5,0.0,7.5,39.0,58.0,19.75,-4.5,43.17857142857142,L
2005,3,Sun,1:02PM ET,65,3,18.333333333333332,24.0,79.0,0.6666666666666666,24.333333333333332,37.333333333333336,246.0,2.3333333333333335,15.666666666666666,68.66666666666667,63.666666666666664,19.95,7.666666666666667,41.55555555555556,18.666666666666668,31.666666666666668,106.0,0.0,17.666666666666668,28.666666666666668,214.0,0.3333333333333333,7.333333333333333,60.333333333333336,61.666666666666664,18.833333333333332,0.8333333333333334,44.563492063492056,L
2005,4,Mon,9:07PM ET,75,3,19.25,22.75,73.75,0.75,25.25,39.75,260.25,2.0,14.0,73.0,64.5,19.355357142857144,7.5625,42.516666666666666,18.25,32.0,102.0,0.25,17.5,27.5,212.0,0.25,8.0,64.0,61.0,23.458333333333336,1.6875,44.22261904761905,L
2005,5,Sun,1:02PM ET,52,10,19.6,23.8,77.8,0.6,24.2,37.4,251.2,1.6,11.2,65.6,62.8,20.484285714285715,7.15,41.58,17.4,30.8,100.6,0.6,16.8,29.0,205.0,0.8,10.0,72.6,61.8,23.34166666666667,2.35,44.87809523809524,W
2005,7,Sun,1:00PM ET,70,0,19.5,23.666666666666668,72.33333333333333,0.5,25.0,37.333333333333336,264.1666666666667,1.3333333333333333,9.333333333333334,63.0,62.333333333333336,20.070238095238096,5.958333333333333,42.205555555555556,18.5,30.0,101.83333333333333,0.6666666666666666,17.833333333333332,29.333333333333332,217.5,0.6666666666666666,12.5,64.0,61.833333333333336,24.35138888888889,2.4583333333333335,43.8984126984127,L
2005,8,Sun,1:02PM ET,58,9,20.0,23.428571428571427,72.85714285714286,0.42857142857142855,25.142857142857142,37.57142857142857,266.2857142857143,1.8571428571428572,8.285714285714286,58.142857142857146,62.285714285714285,20.881632653061224,6.5,42.128571428571426,18.857142857142858,29.571428571428573,100.85714285714286,0.5714285714285714,18.428571428571427,30.0,220.28571428571428,0.7142857142857143,12.857142857142858,63.142857142857146,62.0,24.158333333333335,2.5357142857142856,43.627210884353744,L
2005,9,Sun,4:15PM ET,49,16,19.5,24.125,71.875,0.625,24.5,37.25,259.75,1.75,8.625,60.125,62.625,20.29642857142857,7.75,42.9875,18.125,30.0,107.5,0.5,17.25,28.25,200.875,0.75,12.0,61.875,60.5,23.596875,2.7604166666666665,43.892559523809524,L
2005,10,Sun,4:15PM ET,70,0,20.11111111111111,24.666666666666668,75.77777777777777,0.5555555555555556,24.77777777777778,37.55555555555556,259.3333333333333,1.6666666666666667,9.0,59.888888888888886,63.44444444444444,21.20793650793651,7.666666666666667,42.87777777777777,18.22222222222222,29.88888888888889,109.88888888888889,0.7777777777777778,17.555555555555557,28.444444444444443,201.77777777777777,0.6666666666666666,12.555555555555555,61.44444444444444,60.666666666666664,23.141666666666666,3.712962962962963,43.39338624338624,W
2005,11,Mon,9:07PM ET,36,7,19.4,23.6,70.3,0.5,24.3,37.1,256.1,1.7,9.3,57.0,62.0,20.887142857142855,7.425,42.21857142857142,18.6,30.6,114.9,0.8,17.6,28.6,201.2,0.7,13.8,63.0,61.8,22.6275,4.141666666666667,42.91404761904762,L
2005,12,Sun,4:16PM ET,50,4,19.272727272727273,24.181818181818183,75.54545454545455,0.7272727272727273,23.454545454545453,36.72727272727273,248.36363636363637,1.7272727272727273,9.090909090909092,55.45454545454545,62.18181818181818,20.473160173160174,7.459090909090909,41.65324675324675,18.272727272727273,31.0,120.45454545454545,0.8181818181818182,17.09090909090909,28.545454545454547,191.1818181818182,0.6363636363636364,12.818181818181818,61.81818181818182,62.0,22.509848484848487,4.5606060606060606,42.58419913419913,L
2005,13,Sun,1:05PM ET,26,12,19.833333333333332,24.166666666666668,77.58333333333333,0.8333333333333334,24.083333333333332,38.5,250.75,1.75,9.916666666666666,56.666666666666664,64.0,20.18373015873016,7.0874999999999995,41.15833333333333,17.583333333333332,31.0,122.16666666666667,0.8333333333333334,16.166666666666668,27.583333333333332,180.91666666666666,0.6666666666666666,13.333333333333334,61.75,61.083333333333336,21.842361111111114,4.930555555555555,43.09107142857143,L
2005,14,Sun,8:36PM ET,14,8,19.76923076923077,25.0,85.53846153846153,0.8461538461538461,23.846153846153847,38.0,244.53846153846155,1.6923076923076923,10.76923076923077,54.23076923076923,64.46153846153847,19.908058608058607,6.811538461538461,40.638461538461534,17.076923076923077,31.0,122.6923076923077,0.7692307692307693,15.923076923076923,27.307692307692307,175.6153846153846,0.6153846153846154,12.307692307692308,60.84615384615385,60.61538461538461,22.719871794871796,4.884615384615385,42.90457875457875,W
2005,15,Mon,9:07PM ET,29,14,19.5,24.571428571428573,87.07142857142857,0.9285714285714286,23.714285714285715,38.42857142857143,242.0,1.7857142857142858,12.0,57.07142857142857,64.57142857142857,19.811451247165532,6.503571428571428,40.28928571428571,17.642857142857142,31.5,126.92857142857143,0.7142857142857143,16.142857142857142,27.285714285714285,181.14285714285714,0.5714285714285714,11.428571428571429,61.57142857142857,60.92857142857143,22.561309523809523,6.428571428571429,42.71496598639455,L
2005,16,Sun,5:11PM ET,34,6,19.8,24.333333333333332,85.6,0.8666666666666667,24.133333333333333,39.266666666666666,247.0,1.9333333333333333,12.333333333333334,57.86666666666667,65.2,19.784021164021162,8.07,40.269999999999996,17.533333333333335,31.6,127.46666666666667,0.6666666666666666,15.8,27.0,180.13333333333333,0.6,11.266666666666667,61.13333333333333,60.666666666666664,22.057222222222222,6.666666666666667,42.57841269841269,L
2005,17,Sun,1:02PM ET,34,7,19.875,24.875,84.5,0.9375,23.9375,39.125,247.75,1.875,12.375,57.375,65.6875,19.86001984126984,7.461458333333333,39.79479166666666,17.5,31.5,125.625,0.6875,15.75,26.875,179.75,0.625,12.25,60.9375,60.5625,21.532812500000002,7.0,42.2297619047619,W
2006,2,Sun,1:02PM ET,78,12,17.5,21.5,83.0,1.0,23.5,42.5,263.0,1.5,20.0,38.0,66.5,19.314285714285713,9.0,46.33333333333333,19.0,29.0,78.5,1.0,22.5,34.0,305.5,1.0,13.5,19.5,65.5,18.833333333333336,15.733333333333334,46.875,L
2006,3,Sun,1:02PM ET,70,0,17.666666666666668,23.333333333333332,75.33333333333333,1.3333333333333333,24.0,40.333333333333336,288.6666666666667,1.0,13.333333333333334,35.333333333333336,65.33333333333333,22.209523809523812,8.666666666666666,47.42222222222222,20.333333333333332,27.0,87.33333333333333,0.6666666666666666,23.333333333333332,36.0,317.6666666666667,1.0,16.666666666666668,28.333333333333332,65.66666666666667,20.333333333333332,12.655555555555557,45.51666666666667,W
2006,4,Mon,8:40PM ET,59,2,18.25,24.5,81.25,1.25,24.0,42.0,271.25,1.25,10.0,42.0,67.75,22.073809523809526,8.625,47.21666666666666,21.0,27.0,98.25,1.0,21.75,35.0,313.0,0.75,20.5,34.5,65.0,21.166666666666668,12.991666666666667,45.6875,L
2006,5,Sun,1:02PM ET,69,22,18.6,24.8,89.2,1.4,23.6,41.4,261.0,1.0,9.0,41.8,67.6,20.592380952380957,9.0,47.523333333333326,20.6,27.6,102.2,0.8,21.0,33.6,294.4,0.6,18.6,43.2,64.0,19.6,12.86,45.39,L
2006,7,Sun,1:02PM ET,86,9,18.666666666666668,25.5,100.16666666666667,1.3333333333333333,22.833333333333332,40.333333333333336,251.83333333333334,0.8333333333333334,10.0,47.166666666666664,67.33333333333333,21.04920634920635,8.833333333333334,46.88055555555555,21.5,25.833333333333332,96.33333333333333,0.6666666666666666,23.0,38.333333333333336,314.3333333333333,1.0,21.0,47.666666666666664,67.16666666666667,19.541666666666668,11.994444444444445,44.40833333333333,W
2006,8,Sun,1:02PM ET,45,10,20.0,27.428571428571427,114.85714285714286,1.1428571428571428,22.0,38.142857142857146,241.57142857142858,0.7142857142857143,8.571428571428571,49.714285714285715,66.85714285714286,21.185034013605446,9.464285714285714,47.82619047619047,21.285714285714285,25.714285714285715,94.85714285714286,0.5714285714285714,21.714285714285715,37.857142857142854,291.85714285714283,1.0,21.571428571428573,50.57142857142857,66.71428571428571,18.95,11.923809523809524,44.778571428571425,W
2006,9,Sun,1:02PM ET,47,10,20.75,27.75,118.875,1.25,22.75,39.25,247.25,0.875,8.375,48.0,68.375,20.436904761904763,8.50625,46.70208333333333,20.0,26.0,98.0,0.5,20.0,35.0,268.125,0.875,23.625,50.5,64.375,20.74791666666667,11.391666666666667,45.103125,L
2006,10,Sun,1:05PM ET,70,0,20.22222222222222,27.555555555555557,110.88888888888889,1.1111111111111112,22.88888888888889,39.55555555555556,258.3333333333333,0.7777777777777778,7.444444444444445,46.44444444444444,68.33333333333333,20.536507936507935,8.357407407407408,47.068518518518516,19.333333333333332,25.666666666666668,97.11111111111111,0.5555555555555556,19.77777777777778,34.44444444444444,266.8888888888889,0.8888888888888888,24.88888888888889,50.333333333333336,63.55555555555556,21.19814814814815,10.644444444444446,45.425,W
2006,11,Sun,1:02PM ET,41,12,18.7,26.4,104.2,1.1,21.5,38.3,243.0,0.7,9.6,45.0,66.3,20.416190476190472,7.671666666666667,46.95166666666666,19.6,27.1,99.6,0.6,19.8,34.1,264.6,0.8,23.3,49.1,64.5,21.178333333333335,10.365714285714287,44.44916666666667,L
2006,12,Mon,8:41PM ET,34,7,18.272727272727273,25.818181818181817,99.36363636363636,1.0909090909090908,21.545454545454547,38.09090909090909,245.0909090909091,0.9090909090909091,8.818181818181818,46.45454545454545,65.45454545454545,20.469264069264067,7.883333333333334,45.846969696969694,20.454545454545453,29.0,111.9090909090909,0.6363636363636364,19.545454545454547,34.27272727272727,254.8181818181818,1.0,22.09090909090909,46.90909090909091,66.36363636363636,21.59848484848485,10.271861471861472,44.40833333333333,L
2006,13,Sun,1:02PM ET,19,18,18.666666666666668,25.583333333333332,103.5,1.0833333333333333,21.75,38.833333333333336,242.5,1.0,9.083333333333334,45.0,66.0,20.239682539682537,7.976388888888889,45.31805555555555,21.0,29.166666666666668,117.41666666666667,0.5833333333333334,20.0,34.333333333333336,255.5,1.0833333333333333,20.25,44.666666666666664,66.33333333333333,22.298611111111114,9.415873015873016,44.95763888888889,L
2006,14,Sun,4:06PM ET,58,15,18.692307692307693,26.23076923076923,106.23076923076923,1.0,21.76923076923077,38.46153846153846,246.3846153846154,0.9230769230769231,9.307692307692308,42.30769230769231,66.23076923076923,20.22124542124542,9.17051282051282,45.03205128205128,20.384615384615383,28.846153846153847,119.61538461538461,0.6153846153846154,19.384615384615383,33.92307692307692,251.30769230769232,1.1538461538461537,19.23076923076923,43.15384615384615,65.46153846153847,22.57051282051282,9.58901098901099,45.0224358974359,W
2006,15,Sun,1:02PM ET,41,10,18.714285714285715,26.642857142857142,108.57142857142857,1.0,21.642857142857142,38.357142857142854,241.21428571428572,1.0714285714285714,9.357142857142858,44.214285714285715,66.5,20.259013605442174,8.729761904761904,44.81547619047619,19.642857142857142,28.214285714285715,115.21428571428571,0.6428571428571429,19.142857142857142,33.357142857142854,243.0,1.2142857142857142,21.5,42.714285714285715,64.5,22.172619047619047,9.296938775510204,45.235119047619044,W
2006,16,Thu,8:05PM ET,36,10,18.733333333333334,26.466666666666665,104.4,1.0,21.933333333333334,39.2,244.13333333333333,1.1333333333333333,9.533333333333333,43.6,67.13333333333334,19.575079365079365,8.592222222222222,44.827777777777776,18.533333333333335,27.8,112.66666666666667,0.6,18.533333333333335,32.46666666666667,230.13333333333333,1.2,21.6,44.4,63.2,22.472222222222225,8.610476190476192,45.11277777777777,W
2006,17,Sun,8:15PM ET,50,10,18.8125,26.9375,103.9375,0.9375,21.875,39.375,246.6875,1.125,9.5,43.0625,67.8125,19.976636904761904,8.659374999999999,44.526041666666664,18.1875,27.5625,114.0625,0.625,17.875,32.1875,227.875,1.4375,21.0625,44.375,62.625,22.411458333333336,8.238988095238096,44.893229166666664,W
2007,2,Sun,1:04PM ET,64,7,17.5,23.0,64.5,0.5,26.0,40.0,246.0,1.0,19.0,49.0,65.5,26.333333333333336,5.25,38.42857142857142,16.5,22.5,98.5,1.5,17.5,36.5,214.0,1.0,8.5,73.5,60.5,20.75,2.0,42.047619047619044,W
2007,3,Sun,1:02PM ET,73,11,18.333333333333332,19.666666666666668,57.0,0.3333333333333333,26.666666666666668,41.666666666666664,287.0,0.6666666666666666,14.666666666666666,45.333333333333336,63.666666666666664,22.472222222222225,6.916666666666667,40.285714285714285,19.333333333333332,24.333333333333332,90.0,1.0,20.666666666666668,36.333333333333336,244.66666666666666,1.0,10.666666666666666,72.33333333333333,62.333333333333336,22.277777777777775,2.3333333333333335,43.36507936507936,W
2007,4,Sun,1:05PM ET,70,0,18.75,19.75,54.25,0.75,28.0,42.5,301.25,0.5,12.5,44.0,64.25,22.4375,7.375,42.46428571428571,19.5,23.5,106.25,1.0,20.75,37.0,248.0,1.0,15.75,64.25,63.0,22.833333333333332,1.5,41.573809523809516,W
2007,5,Sun,8:24PM ET,79,5,18.6,20.2,67.6,1.2,28.2,42.0,305.4,0.8,10.8,53.8,64.0,23.716666666666665,8.433333333333334,43.57142857142857,18.8,25.4,101.4,0.8,19.6,34.6,241.2,1.0,14.8,59.4,62.4,19.116666666666667,3.2,42.23047619047618,L
2007,6,Sun,1:02PM ET,46,7,17.666666666666668,20.166666666666668,65.66666666666667,1.0,26.666666666666668,41.166666666666664,285.8333333333333,1.0,12.166666666666666,50.666666666666664,63.166666666666664,22.152777777777775,7.222222222222221,43.33035714285714,18.666666666666668,26.0,100.16666666666667,1.0,19.833333333333332,35.0,237.16666666666666,1.0,13.5,58.333333333333336,63.5,20.47222222222222,3.3333333333333335,41.98373015873015,W
2007,8,Mon,8:40PM ET,67,0,18.0,21.142857142857142,71.28571428571429,0.8571428571428571,25.857142857142858,39.142857142857146,292.2857142857143,0.8571428571428571,11.285714285714286,58.142857142857146,62.0,21.892857142857142,7.119047619047619,44.60459183673469,19.428571428571427,25.714285714285715,98.42857142857143,1.0,20.0,34.857142857142854,241.0,0.8571428571428571,14.428571428571429,59.0,63.142857142857146,21.047619047619044,6.571428571428571,42.4860544217687,W
2007,9,Sun,1:00PM ET,61,8,18.125,21.875,72.125,0.75,25.625,38.5,300.75,1.0,10.625,64.875,62.0,21.65625,7.229166666666666,46.216517857142854,19.5,25.25,93.75,0.875,19.875,34.5,237.5,1.0,17.625,58.5,62.625,20.651041666666664,6.625,42.88958333333333,W
2007,10,Sun,1:02PM ET,49,10,19.333333333333332,23.0,77.44444444444444,0.6666666666666666,26.666666666666668,39.55555555555556,308.22222222222223,0.8888888888888888,9.444444444444445,61.55555555555556,64.0,21.694444444444443,7.509259259259259,46.710978835978835,18.555555555555557,24.11111111111111,92.88888888888889,0.7777777777777778,19.444444444444443,33.55555555555556,230.66666666666666,1.0,17.333333333333332,57.666666666666664,60.55555555555556,20.634259259259256,5.888888888888889,43.99074074074073,W
2007,11,Sun,1:02PM ET,42,10,19.2,23.4,80.0,0.6,26.2,38.6,299.2,0.8,8.9,62.9,63.4,22.15,9.308333333333334,45.58988095238095,18.8,24.6,96.7,0.8,19.4,33.9,233.4,1.1,16.3,54.4,61.3,20.350833333333334,5.3,43.35166666666667,W
2007,12,Thu,12:36PM ET,70,0,19.727272727272727,22.818181818181817,81.81818181818181,0.6363636363636364,26.636363636363637,38.81818181818182,306.6363636363636,0.7272727272727273,8.090909090909092,64.54545454545455,62.90909090909091,22.545454545454547,11.553030303030303,45.39989177489178,19.363636363636363,25.09090909090909,100.0909090909091,0.7272727272727273,19.363636363636363,34.45454545454545,232.54545454545453,1.0909090909090908,17.272727272727273,54.81818181818182,62.45454545454545,21.13712121212121,4.818181818181818,42.81969696969697,W
2007,13,Thu,8:16PM ET,56,0,19.75,22.5,85.33333333333333,0.5833333333333334,26.333333333333332,38.916666666666664,302.5,0.8333333333333334,9.416666666666666,71.0,62.833333333333336,22.385416666666668,11.173611111111109,45.75545634920635,19.666666666666668,25.333333333333332,100.5,0.6666666666666666,19.333333333333332,34.083333333333336,238.91666666666666,1.0833333333333333,15.833333333333334,55.666666666666664,62.083333333333336,21.681250000000002,5.25,42.58472222222222,L
2007,14,Sun,1:02PM ET,18,4,19.846153846153847,23.53846153846154,92.53846153846153,0.5384615384615384,25.46153846153846,37.69230769230769,299.6923076923077,0.8461538461538461,8.692307692307692,72.0,62.53846153846154,21.817307692307693,11.929487179487179,45.04349816849817,18.923076923076923,25.53846153846154,99.3076923076923,0.6923076923076923,18.76923076923077,33.23076923076923,231.92307692307693,1.1538461538461537,14.615384615384615,56.15384615384615,61.23076923076923,21.28818681318681,5.076923076923077,42.77051282051282,W
2007,15,Sun,1:00PM ET,70,0,19.642857142857142,23.5,89.64285714285714,0.5714285714285714,25.0,37.142857142857146,294.35714285714283,0.9285714285714286,8.071428571428571,69.35714285714286,61.857142857142854,23.354166666666664,11.791666666666666,46.11181972789115,19.071428571428573,25.928571428571427,104.57142857142857,0.6428571428571429,18.857142857142858,33.642857142857146,231.0,1.2142857142857142,15.571428571428571,58.785714285714285,62.142857142857146,21.208078231292518,4.714285714285714,42.554761904761904,W
2007,16,Sun,1:03PM ET,16,22,19.2,23.333333333333332,92.0,0.5333333333333333,24.466666666666665,36.8,284.93333333333334,1.0,7.8,65.4,61.333333333333336,22.282936507936505,11.538888888888888,45.14880952380952,18.733333333333334,27.133333333333333,106.66666666666667,0.6,18.2,32.4,222.53333333333333,1.1333333333333333,14.533333333333333,56.86666666666667,61.93333333333333,19.727539682539682,4.4,42.05111111111111,L
2007,17,Sun,1:02PM ET,20,7,19.1875,24.25,99.8125,0.5625,23.9375,36.125,278.8125,0.9375,7.9375,62.875,61.5625,22.359002976190474,11.161458333333332,45.38950892857142,18.5625,26.5,102.9375,0.5625,18.4375,33.375,224.0,1.1875,13.625,56.75,62.125,19.878497023809526,4.125,42.172916666666666,W
2008,2,Sun,1:03PM ET,70,0,17.0,28.5,131.0,0.5,21.0,30.0,253.0,0.0,2.0,90.0,59.0,23.875,14.0,46.6,18.0,22.5,118.0,0.0,19.5,40.0,230.0,2.0,15.0,41.0,65.5,20.714285714285715,6.291666666666667,39.03333333333333,W
2008,3,Sun,8:23PM ET,64,8,17.0,26.0,115.33333333333333,0.6666666666666666,21.333333333333332,33.0,265.3333333333333,0.0,14.666666666666666,82.66666666666667,61.0,21.305555555555557,11.333333333333334,47.4,19.333333333333332,26.666666666666668,151.0,0.3333333333333333,18.666666666666668,37.0,240.0,1.6666666666666667,18.0,45.333333333333336,66.66666666666667,20.253968253968253,5.638888888888889,41.800000000000004,L
2008,4,Sun,1:02PM ET,81,5,14.75,24.0,93.5,0.75,20.0,32.75,241.75,0.75,15.5,80.5,59.0,20.145833333333336,11.125,45.05,19.5,30.25,157.75,0.25,17.75,35.25,217.25,2.0,13.5,51.5,67.75,22.37797619047619,8.979166666666668,43.725,L
2008,5,Sun,1:02PM ET,60,8,16.0,23.8,95.6,0.6,21.0,33.6,256.0,0.8,14.2,83.8,59.6,20.51666666666667,8.9,44.239999999999995,20.0,31.4,161.4,0.2,17.4,33.4,212.6,1.8,10.8,44.2,66.6,23.569047619047616,7.483333333333334,43.31333333333333,L
2008,6,Sun,4:16PM ET,56,0,16.666666666666668,26.333333333333332,98.5,0.6666666666666666,21.0,33.0,248.0,0.6666666666666666,13.166666666666666,77.33333333333333,61.5,21.26388888888889,9.041666666666666,42.74166666666667,18.833333333333332,30.0,153.33333333333334,0.16666666666666666,16.5,31.666666666666668,191.0,1.8333333333333333,12.166666666666666,45.166666666666664,63.666666666666664,23.174206349206347,6.236111111111112,44.22777777777778,W
2008,7,Sun,4:15PM ET,60,20,17.714285714285715,27.571428571428573,101.0,0.5714285714285714,21.0,32.285714285714285,239.14285714285714,0.5714285714285714,11.285714285714286,76.28571428571429,61.714285714285715,17.940476190476193,8.988095238095237,44.56428571428571,19.142857142857142,29.0,141.85714285714286,0.14285714285714285,17.142857142857142,33.142857142857146,196.42857142857142,1.8571428571428572,10.428571428571429,54.42857142857143,63.857142857142854,22.36360544217687,5.345238095238096,44.55238095238095,W
2008,9,Sun,1:02PM ET,69,0,17.75,27.125,101.125,0.625,21.125,33.375,248.5,0.625,13.125,71.875,62.625,19.739583333333336,8.989583333333332,44.53541666666666,19.25,29.875,146.375,0.125,17.25,33.625,194.375,1.625,10.5,49.5,65.25,22.56815476190476,6.302083333333334,44.37916666666666,L
2008,10,Sun,1:05PM ET,70,0,17.11111111111111,26.11111111111111,98.11111111111111,0.5555555555555556,20.444444444444443,32.55555555555556,236.66666666666666,0.5555555555555556,15.222222222222221,72.77777777777777,61.0,19.612962962962964,12.157407407407407,44.0473544973545,19.11111111111111,31.11111111111111,154.55555555555554,0.1111111111111111,17.0,33.0,189.55555555555554,1.7777777777777777,10.444444444444445,50.111111111111114,65.88888888888889,22.193915343915343,6.601851851851852,44.648148148148145,L
2008,11,Sun,1:02PM ET,33,15,17.8,27.3,108.3,0.5,20.7,32.3,235.7,0.6,13.7,71.0,61.7,19.05166666666667,11.241666666666665,43.14261904761905,18.1,30.0,147.4,0.2,17.0,33.0,186.5,1.6,10.2,51.6,64.7,22.42452380952381,6.6416666666666675,44.166666666666664,W
2008,12,Mon,8:40PM ET,70,0,18.181818181818183,27.636363636363637,108.36363636363636,0.45454545454545453,20.90909090909091,33.09090909090909,236.8181818181818,0.8181818181818182,13.727272727272727,66.36363636363636,62.81818181818182,19.13787878787879,11.734848484848483,42.26601731601732,18.363636363636363,29.636363636363637,142.9090909090909,0.18181818181818182,17.272727272727273,32.45454545454545,198.9090909090909,1.5454545454545454,9.727272727272727,47.81818181818182,63.72727272727273,23.507142857142856,7.037878787878788,44.15151515151515,L
2008,13,Sun,1:02PM ET,37,10,18.75,27.75,111.41666666666667,0.5,21.583333333333332,34.083333333333336,241.91666666666666,0.8333333333333334,13.0,64.91666666666667,63.916666666666664,19.07638888888889,11.39583333333333,42.38968253968254,18.083333333333332,29.416666666666668,141.66666666666666,0.25,16.833333333333332,31.166666666666668,197.08333333333334,1.4166666666666667,9.5,44.833333333333336,62.25,24.264880952380953,7.409722222222222,44.319444444444436,L
2008,14,Sun,1:02PM ET,3,3,18.53846153846154,27.153846153846153,111.15384615384616,0.46153846153846156,21.384615384615383,33.76923076923077,246.0,0.8461538461538461,13.23076923076923,64.92307692307692,63.0,18.83974358974359,10.826923076923075,42.16739926739926,18.615384615384617,29.53846153846154,141.6153846153846,0.46153846153846156,17.692307692307693,32.0,213.76923076923077,1.3846153846153846,9.23076923076923,43.69230769230769,63.15384615384615,23.782967032967033,7.147435897435898,44.166666666666664,L
2008,15,Sun,1:04PM ET,67,6,18.5,27.214285714285715,109.21428571428571,0.42857142857142855,21.285714285714285,33.642857142857146,248.28571428571428,0.8571428571428571,14.0,62.42857142857143,63.0,18.815476190476193,10.410714285714283,42.262585034013604,18.571428571428573,28.785714285714285,138.21428571428572,0.42857142857142855,17.928571428571427,32.07142857142857,215.5,1.2857142857142858,9.214285714285714,44.714285714285715,62.5,23.58418367346939,6.636904761904762,44.547619047619044,L
2008,16,Mon,8:40PM ET,2,9,18.6,27.333333333333332,106.26666666666667,0.4666666666666667,21.466666666666665,34.0,249.06666666666666,0.8666666666666667,13.066666666666666,61.6,63.333333333333336,19.36111111111111,9.872222222222222,41.961746031746024,18.333333333333332,28.6,133.93333333333334,0.4,17.666666666666668,31.733333333333334,210.6,1.3333333333333333,9.0,44.06666666666667,62.06666666666667,23.961904761904762,7.083333333333333,44.63333333333333,L
2008,17,Sun,1:02PM ET,22,13,18.6875,27.3125,112.8125,0.5,21.4375,33.8125,252.75,0.8125,14.4375,61.5,63.25,19.572916666666668,9.671874999999998,41.693303571428565,18.375,28.625,131.5625,0.375,17.9375,32.375,211.5,1.375,8.75,45.0625,62.6875,23.526785714285715,6.640625,44.549107142857146,W
2009,2,Sun,1:02PM ET,68,7,17.0,20.0,82.5,0.5,19.0,33.5,222.5,0.0,36.5,60.5,58.5,26.8,3.5,43.91666666666666,18.5,32.5,118.5,0.0,16.0,29.5,231.0,3.0,14.0,62.5,64.0,23.566666666666663,15.15,47.875,L
2009,3,Sun,1:00PM ET,70,0,19.333333333333332,25.666666666666668,105.66666666666667,0.3333333333333333,17.0,30.0,238.0,0.0,30.666666666666668,57.333333333333336,59.666666666666664,26.03333333333333,4.166666666666667,45.944444444444436,19.666666666666668,32.666666666666664,128.66666666666666,0.6666666666666666,17.0,31.333333333333332,216.33333333333334,2.3333333333333335,9.333333333333334,55.0,65.66666666666667,23.502777777777776,13.933333333333332,49.916666666666664,W
2009,4,Mon,8:40PM ET,70,0,19.25,23.5,99.75,0.5,19.25,31.75,274.5,0.25,33.5,57.25,60.25,25.674999999999997,3.125,47.20833333333333,20.25,32.0,112.25,0.75,18.75,31.5,230.0,1.75,7.0,43.75,64.75,21.960416666666664,15.7,48.0375,L
2009,6,Sun,1:02PM ET,46,13,20.0,24.8,101.2,0.6,21.2,32.8,291.2,0.4,32.8,71.8,62.6,26.339999999999996,5.566666666666667,45.96666666666666,18.2,29.2,105.4,0.6,17.2,30.2,205.0,2.0,12.4,43.0,61.4,20.59690476190476,12.559999999999999,46.27,W
2009,7,Sun,1:02PM ET,50,12,20.833333333333332,27.5,118.0,0.5,20.333333333333332,31.0,285.6666666666667,0.3333333333333333,27.333333333333332,71.5,62.666666666666664,24.95,4.972222222222222,45.55555555555555,17.166666666666668,27.833333333333332,97.5,0.6666666666666666,16.333333333333332,30.0,187.33333333333334,1.8333333333333333,13.333333333333334,42.5,59.833333333333336,22.9140873015873,11.966666666666667,46.26666666666667,W
2009,8,Sun,4:15PM ET,48,6,20.857142857142858,26.285714285714285,114.0,0.42857142857142855,21.285714285714285,32.57142857142857,286.2857142857143,0.2857142857142857,27.571428571428573,67.71428571428571,63.285714285714285,24.263265306122445,5.404761904761905,45.219047619047615,17.428571428571427,28.428571428571427,99.42857142857143,0.8571428571428571,16.428571428571427,29.714285714285715,195.42857142857142,1.5714285714285714,11.428571428571429,40.57142857142857,59.857142857142854,23.97397959183673,11.314285714285715,46.18095238095238,L
2009,9,Sun,1:03PM ET,82,13,20.75,27.0,121.0,0.375,20.75,32.875,283.75,0.625,28.125,63.625,64.5,23.30535714285714,5.291666666666667,44.71249999999999,17.375,28.0,97.125,0.75,16.125,29.875,196.625,1.5,10.875,37.375,59.5,27.66473214285714,11.5875,45.694047619047616,L
2009,10,Sun,4:15PM ET,47,10,20.666666666666668,27.11111111111111,119.22222222222223,0.3333333333333333,21.22222222222222,33.22222222222222,273.22222222222223,0.5555555555555556,26.22222222222222,67.66666666666667,64.88888888888889,23.38253968253968,6.092592592592593,44.601587301587294,17.333333333333332,26.444444444444443,93.11111111111111,0.8888888888888888,17.0,30.88888888888889,202.66666666666666,1.4444444444444444,13.444444444444445,40.666666666666664,59.333333333333336,26.813095238095237,11.211111111111112,45.19100529100529,W
2009,11,Sun,1:02PM ET,53,13,21.2,27.6,123.1,0.3,22.3,34.4,280.3,0.5,25.4,67.3,66.3,23.169285714285714,7.133333333333335,44.481428571428566,16.7,24.8,90.7,0.8,16.9,31.1,205.1,1.4,13.3,39.6,58.0,27.431785714285713,10.323333333333334,45.85190476190476,W
2009,12,Thu,12:35PM ET,70,0,21.09090909090909,27.545454545454547,119.18181818181819,0.45454545454545453,22.818181818181817,34.81818181818182,286.45454545454544,0.45454545454545453,23.636363636363637,66.36363636363636,66.36363636363636,22.88116883116883,6.727272727272728,44.43766233766233,16.636363636363637,24.636363636363637,89.0909090909091,0.8181818181818182,17.181818181818183,32.18181818181818,205.8181818181818,1.6363636363636365,13.363636363636363,38.54545454545455,58.90909090909091,26.69935064935065,10.657575757575758,46.35021645021645,W
2009,13,Mon,8:40PM ET,21,4,21.416666666666668,27.5,117.08333333333333,0.5,23.083333333333332,35.25,284.5,0.5833333333333334,22.25,75.41666666666667,66.5,22.766071428571426,6.38888888888889,44.31785714285714,16.666666666666668,24.333333333333332,87.16666666666667,0.8333333333333334,17.0,32.5,200.08333333333334,1.75,13.75,46.583333333333336,59.0,26.61329365079365,10.269444444444444,46.40436507936508,W
2009,14,Sun,1:02PM ET,38,8,21.0,27.692307692307693,120.23076923076923,0.6153846153846154,22.53846153846154,34.38461538461539,276.46153846153845,0.5384615384615384,22.307692307692307,71.92307692307692,65.76923076923077,22.36098901098901,6.35897435897436,44.23571428571428,16.46153846153846,23.76923076923077,85.0,0.7692307692307693,17.46153846153846,32.76923076923077,200.76923076923077,1.7692307692307692,13.76923076923077,51.38461538461539,58.76923076923077,25.99688644688645,9.402564102564103,45.616849816849815,W
2009,15,Sun,4:15PM ET,30,10,20.785714285714285,26.571428571428573,115.92857142857143,0.5714285714285714,22.785714285714285,35.357142857142854,284.07142857142856,0.5,21.214285714285715,70.57142857142857,65.42857142857143,22.063775510204078,6.797619047619049,44.09030612244898,17.285714285714285,23.428571428571427,83.57142857142857,0.7142857142857143,18.285714285714285,33.714285714285715,222.35714285714286,1.6428571428571428,15.0,53.714285714285715,59.57142857142857,25.21139455782313,9.183333333333334,45.08707482993197,L
2009,16,Sun,1:02PM ET,18,5,20.733333333333334,26.933333333333334,118.4,0.5333333333333333,22.333333333333332,34.93333333333333,283.3333333333333,0.4666666666666667,20.4,69.2,65.2,22.103968253968254,6.344444444444446,43.88428571428572,17.266666666666666,23.8,85.66666666666667,0.6666666666666666,18.333333333333332,33.93333333333333,220.73333333333332,1.8,15.466666666666667,55.86666666666667,60.2,24.883015873015875,9.904444444444444,45.264603174603174,W
2009,17,Sun,4:15PM ET,70,0,20.9375,27.375,117.8125,0.5,22.3125,34.5625,280.75,0.5,19.5,66.0625,65.125,22.576636904761905,6.447916666666668,44.20401785714286,17.0,23.1875,83.3125,0.625,18.375,33.75,215.625,1.875,14.5,57.125,59.25,24.627827380952382,9.410416666666666,45.404315476190476,W
2010,2,Sun,1:02PM ET,58,4,20.0,30.0,111.5,0.0,19.0,30.0,221.5,1.0,10.5,32.0,61.5,30.85,8.666666666666666,40.91666666666667,15.0,26.0,136.5,0.5,16.0,26.0,150.5,1.0,34.0,57.5,57.0,25.339285714285715,3.5,48.099999999999994,W
2010,3,Mon,8:40PM ET,56,6,20.333333333333332,25.0,95.33333333333333,0.3333333333333333,24.0,35.0,253.0,1.0,7.0,72.0,61.0,27.03333333333333,9.11111111111111,43.94444444444445,16.0,23.333333333333332,116.66666666666667,0.3333333333333333,16.0,26.333333333333332,174.0,1.0,30.0,51.0,54.0,27.003968253968253,12.666666666666666,48.23333333333333,L
2010,4,Sun,1:02PM ET,52,8,19.25,24.0,94.5,0.75,21.0,30.5,235.0,1.25,8.25,61.75,55.75,24.70357142857143,9.583333333333332,43.208333333333336,18.0,22.75,118.25,0.5,20.5,33.25,213.25,1.25,28.25,63.75,60.0,26.37797619047619,13.25,44.55,W
2010,5,Sun,1:02PM ET,72,0,18.8,22.6,107.0,0.8,22.2,33.6,246.6,1.2,11.2,62.0,58.0,22.482857142857142,10.666666666666666,44.03333333333334,18.6,22.4,104.8,0.4,21.6,36.4,242.0,1.2,29.6,56.6,63.0,24.402380952380952,13.733333333333334,44.565,L
2010,6,Sun,1:02PM ET,57,11,18.333333333333332,22.333333333333332,101.83333333333333,0.6666666666666666,21.5,33.5,257.6666666666667,1.1666666666666667,14.333333333333334,59.166666666666664,58.166666666666664,22.03571428571429,9.277777777777777,43.02777777777778,19.833333333333332,25.166666666666668,112.33333333333333,0.3333333333333333,21.833333333333332,36.833333333333336,240.16666666666666,1.1666666666666667,24.666666666666668,52.166666666666664,65.5,24.224206349206344,13.361111111111112,44.09583333333333,L
2010,7,Sun,8:30PM ET,58,4,18.571428571428573,22.428571428571427,99.28571428571429,0.5714285714285714,21.428571428571427,33.714285714285715,263.0,1.2857142857142858,12.285714285714286,53.57142857142857,58.142857142857146,21.859183673469392,8.666666666666666,43.30952380952381,20.0,26.714285714285715,124.28571428571429,0.2857142857142857,21.0,35.714285714285715,236.14285714285714,1.4285714285714286,22.0,50.42857142857143,65.57142857142857,23.135034013605438,13.30952380952381,44.93928571428571,W
2010,8,Sun,1:03PM ET,57,15,17.875,22.875,97.0,0.5,20.625,33.75,251.375,1.125,12.5,48.75,58.625,19.751785714285717,7.583333333333333,43.395833333333336,19.375,27.0,123.625,0.375,20.375,36.0,238.625,1.5,21.125,51.0,66.0,24.02440476190476,11.645833333333334,44.721875,W
2010,9,Sun,8:30PM ET,43,3,18.77777777777778,24.22222222222222,101.55555555555556,0.4444444444444444,21.333333333333332,33.888888888888886,255.55555555555554,1.0,12.444444444444445,45.55555555555556,60.0,20.44603174603175,7.229629629629629,44.074074074074076,18.555555555555557,25.555555555555557,114.22222222222223,0.5555555555555556,20.22222222222222,35.333333333333336,232.44444444444446,1.5555555555555556,20.666666666666668,49.77777777777778,64.0,24.085185185185182,10.574074074074074,45.62314814814815,W
2010,11,Sun,1:05PM ET,70,0,18.9,24.8,100.5,0.4,21.5,33.7,260.6,0.9,13.5,41.5,60.5,19.901428571428575,7.056666666666667,43.586666666666666,18.2,24.8,112.1,0.6,19.9,35.6,230.0,1.5,18.7,49.8,63.3,22.96,10.016666666666667,45.22083333333333,W
2010,12,Sun,1:02PM ET,70,0,19.181818181818183,24.636363636363637,98.36363636363636,0.45454545454545453,21.90909090909091,33.81818181818182,268.1818181818182,0.8181818181818182,12.545454545454545,43.72727272727273,60.36363636363637,20.06948051948052,6.506060606060606,43.624242424242425,18.272727272727273,25.0,112.54545454545455,0.5454545454545454,20.272727272727273,34.90909090909091,227.0,1.3636363636363635,18.818181818181817,49.81818181818182,62.72727272727273,23.69090909090909,9.106060606060607,44.76893939393939,L
2010,13,Sun,1:02PM ET,26,16,19.333333333333332,25.416666666666668,101.5,0.4166666666666667,21.833333333333332,33.5,270.6666666666667,0.75,13.5,43.416666666666664,61.0,19.79702380952381,6.908333333333332,43.6,17.666666666666668,24.75,111.25,0.5,19.416666666666668,34.083333333333336,224.25,1.3333333333333333,19.083333333333332,48.333333333333336,61.75,22.90714285714286,9.63888888888889,44.97152777777777,W
2010,14,Sun,1:03PM ET,70,0,18.846153846153847,25.0,98.76923076923077,0.46153846153846156,21.846153846153847,33.76923076923077,267.0,0.8461538461538461,14.846153846153847,41.61538461538461,61.0,20.081868131868134,7.453846153846153,44.13076923076923,17.46153846153846,26.0,117.3076923076923,0.46153846153846156,18.692307692307693,33.15384615384615,216.0,1.3846153846153846,19.23076923076923,47.30769230769231,62.0,23.26043956043956,9.60897435897436,44.91602564102564,L
2010,15,Sun,8:30PM ET,32,8,19.357142857142858,25.928571428571427,101.92857142857143,0.5,22.0,34.0,265.85714285714283,0.8571428571428571,15.571428571428571,39.714285714285715,62.357142857142854,20.17125850340136,7.385714285714285,43.925000000000004,17.214285714285715,25.285714285714285,117.0,0.42857142857142855,18.428571428571427,32.5,212.21428571428572,1.2857142857142858,19.785714285714285,47.642857142857146,60.642857142857146,23.331122448979592,9.18452380952381,44.59345238095238,L
2010,16,Sun,4:15PM ET,25,5,19.866666666666667,26.533333333333335,103.06666666666666,0.5333333333333333,22.2,34.2,275.06666666666666,0.8,15.066666666666666,39.13333333333333,63.13333333333333,19.826507936507937,7.126666666666666,43.77,17.133333333333333,25.0,115.2,0.5333333333333333,18.333333333333332,32.53333333333333,218.13333333333333,1.4666666666666666,18.8,47.46666666666667,60.266666666666666,23.017380952380954,8.861111111111112,44.43722222222222,W
2010,17,Sun,4:15PM ET,19,14,19.5,26.3125,100.375,0.5625,22.0,33.8125,272.1875,0.8125,14.4375,38.5625,62.5,20.05610119047619,7.3062499999999995,43.753125000000004,16.875,24.6875,114.875,0.5,18.5,32.9375,215.0,1.5,20.8125,47.375,60.5625,22.547544642857144,9.401041666666668,44.50364583333333,W
2011,2,Sun,1:02PM ET,64,11,21.5,24.0,113.5,0.5,23.0,32.5,310.0,0.0,14.5,52.5,58.0,42.583333333333336,2.5,40.58333333333333,26.5,21.0,76.0,1.0,30.0,47.5,425.5,1.5,25.5,32.5,72.0,24.53333333333333,25.75,43.25,W
2011,3,Sun,4:15PM ET,61,10,22.333333333333332,25.666666666666668,109.0,0.6666666666666666,24.666666666666668,34.333333333333336,305.6666666666667,0.3333333333333333,11.333333333333334,46.666666666666664,61.666666666666664,28.38888888888889,4.266666666666667,39.77777777777777,21.666666666666668,18.0,55.0,0.6666666666666666,27.0,44.0,384.3333333333333,1.6666666666666667,25.0,45.0,65.33333333333333,23.466666666666665,22.166666666666668,43.02380952380952,W
2011,4,Sun,4:15PM ET,67,10,23.25,26.25,109.5,0.5,25.75,35.5,331.25,0.75,11.5,41.75,63.5,28.666666666666668,4.075,42.08333333333333,20.75,19.25,71.0,0.75,25.75,41.0,356.5,2.0,20.75,39.75,63.0,24.9,16.625,44.51785714285714,W
2011,5,Sun,8:30PM ET,70,0,22.4,25.0,99.0,0.6,25.8,36.2,344.2,0.6,14.6,44.4,63.4,27.4,3.66,42.166666666666664,20.2,19.8,75.8,0.6,24.2,39.2,318.6,2.0,18.8,40.6,61.4,25.52,13.9,43.174285714285716,W
2011,6,Sun,1:02PM ET,57,23,22.0,26.0,97.5,0.5,24.5,35.0,339.5,0.6666666666666666,13.333333333333334,39.666666666666664,63.0,25.083333333333332,3.0500000000000003,42.538888888888884,20.5,20.5,82.83333333333333,0.5,25.0,40.166666666666664,320.1666666666667,1.8333333333333333,19.333333333333332,41.333333333333336,63.166666666666664,24.599999999999998,16.25,41.378571428571426,W
2011,7,Sun,4:15PM ET,70,0,22.428571428571427,26.0,99.85714285714286,0.5714285714285714,24.428571428571427,34.285714285714285,338.85714285714283,0.5714285714285714,15.428571428571429,40.285714285714285,62.57142857142857,24.88095238095238,5.614285714285714,44.93809523809524,20.714285714285715,22.0,102.14285714285714,0.42857142857142855,23.285714285714285,39.0,305.7142857142857,1.8571428571428572,16.857142857142858,48.42857142857143,63.42857142857143,24.704761904761906,14.785714285714286,41.21734693877551,W
2011,9,Sun,4:15PM ET,53,10,22.25,26.0,104.375,0.5,24.0,33.25,327.375,0.5,15.375,39.375,61.75,24.625,6.2875,46.07083333333333,21.625,21.875,100.0,0.375,23.625,39.875,315.625,2.0,16.0,50.375,64.125,25.325,14.375,42.190178571428575,W
2011,10,Mon,8:40PM ET,47,13,22.333333333333332,26.555555555555557,102.77777777777777,0.5555555555555556,24.11111111111111,33.111111111111114,323.0,0.4444444444444444,16.11111111111111,35.55555555555556,62.22222222222222,26.11111111111111,7.811111111111111,46.45185185185185,20.77777777777778,21.88888888888889,100.44444444444444,0.3333333333333333,22.77777777777778,39.22222222222222,301.6666666666667,1.8888888888888888,17.333333333333332,53.666666666666664,63.55555555555556,24.066666666666666,13.5,42.37275132275133,W
2011,11,Sun,1:02PM ET,32,7,22.5,26.2,101.6,0.5,24.0,33.2,320.6,0.5,15.7,35.7,61.9,25.2,10.48,47.239999999999995,20.9,21.7,102.5,0.3,23.3,39.1,305.7,1.9,16.4,53.8,63.2,24.193333333333335,13.75,42.80214285714286,W
2011,12,Thu,12:35PM ET,70,0,22.09090909090909,25.454545454545453,97.18181818181819,0.45454545454545453,23.818181818181817,33.18181818181818,319.3636363636364,0.45454545454545453,15.272727272727273,37.36363636363637,61.09090909090909,24.272727272727273,9.345454545454546,46.709090909090904,21.09090909090909,21.636363636363637,105.54545454545455,0.2727272727272727,24.09090909090909,39.63636363636363,303.0,2.0,15.181818181818182,56.36363636363637,63.54545454545455,24.33939393939394,12.318181818181818,42.27467532467533,W
2011,13,Sun,4:15PM ET,52,9,22.666666666666668,25.666666666666668,96.5,0.4166666666666667,24.166666666666668,34.333333333333336,323.5,0.5,14.75,36.75,62.416666666666664,24.36111111111111,8.816666666666666,46.5,21.333333333333332,21.5,105.08333333333333,0.3333333333333333,24.0,39.666666666666664,306.6666666666667,1.9166666666666667,13.916666666666666,56.25,63.333333333333336,24.394444444444446,11.291666666666666,42.43928571428572,W
2011,14,Sun,4:15PM ET,43,15,22.615384615384617,25.53846153846154,99.53846153846153,0.38461538461538464,23.615384615384617,34.15384615384615,320.2307692307692,0.5384615384615384,15.615384615384615,36.61538461538461,62.23076923076923,25.064102564102562,9.138461538461538,46.0,21.46153846153846,22.076923076923077,106.0,0.38461538461538464,24.0,39.92307692307692,302.0769230769231,2.076923076923077,13.384615384615385,58.76923076923077,64.07692307692308,23.306410256410256,10.423076923076923,42.97472527472527,W
2011,15,Sun,1:03PM ET,50,10,22.142857142857142,25.0,99.71428571428571,0.35714285714285715,23.142857142857142,34.214285714285715,314.14285714285717,0.5,16.071428571428573,36.642857142857146,61.857142857142854,24.892857142857142,8.485714285714286,46.528571428571425,21.571428571428573,23.285714285714285,108.35714285714286,0.35714285714285715,23.928571428571427,39.285714285714285,301.85714285714283,1.9285714285714286,12.428571428571429,58.5,64.5,23.21309523809524,10.535714285714286,43.440816326530616,L
2011,16,Sun,8:30PM ET,37,13,21.933333333333334,24.733333333333334,98.46666666666667,0.3333333333333333,23.0,33.86666666666667,312.06666666666666,0.4666666666666667,15.066666666666666,34.2,61.13333333333333,25.5,8.453333333333333,46.36,21.733333333333334,24.533333333333335,114.4,0.3333333333333333,23.6,38.53333333333333,297.8666666666667,1.9333333333333333,11.6,56.46666666666667,64.86666666666666,23.225555555555555,10.066666666666666,43.81142857142857,W
2011,17,Sun,1:02PM ET,31,20,22.25,24.6875,97.375,0.375,23.5,34.5,322.5625,0.5,14.8125,36.9375,61.75,24.71875,7.925,46.2125,22.375,23.9375,111.8125,0.4375,24.375,39.8125,311.75,1.9375,12.0,59.25,65.5625,23.383333333333333,9.6875,44.010714285714286,W
2012,2,Thu,8:29PM ET,60,0,20.0,21.0,75.5,0.5,26.5,38.5,274.5,1.0,27.5,65.5,63.5,22.666666666666664,17.333333333333336,47.883333333333326,16.5,27.5,140.0,0.0,15.5,26.5,168.5,2.0,36.0,65.5,59.5,29.75,12.0,49.016666666666666,W
2012,3,Mon,8:41PM ET,67,3,20.666666666666668,21.0,78.33333333333333,0.3333333333333333,26.333333333333332,38.666666666666664,257.3333333333333,0.6666666666666666,31.333333333333332,86.0,65.0,22.777777777777775,12.888888888888891,46.75555555555555,15.666666666666666,28.0,135.66666666666666,0.0,13.666666666666666,24.666666666666668,155.66666666666666,1.3333333333333333,30.333333333333332,83.0,56.666666666666664,26.833333333333332,8.833333333333334,49.84444444444444,L
2012,4,Sun,4:25PM ET,64,7,23.0,22.0,84.25,0.5,27.5,39.25,272.75,0.75,23.5,75.25,65.25,24.416666666666664,9.666666666666668,45.31666666666666,18.0,25.75,113.0,0.0,19.0,32.0,228.25,1.0,27.0,80.25,61.25,27.708333333333332,7.625,46.38333333333333,W
2012,5,Sun,1:03PM ET,70,0,22.6,22.4,97.2,0.4,26.0,37.8,265.2,0.8,24.4,78.0,64.4,25.866666666666664,8.683333333333334,45.281904761904755,20.0,26.6,114.2,0.0,21.4,36.6,255.0,1.0,25.0,84.2,66.8,22.166666666666664,7.4,46.026666666666664,L
2012,6,Sun,8:30PM ET,70,0,23.0,23.833333333333332,97.5,0.3333333333333333,25.666666666666668,37.666666666666664,277.3333333333333,0.6666666666666666,22.0,73.5,65.33333333333333,26.33333333333333,8.51388888888889,44.85992063492063,20.5,26.833333333333332,110.16666666666667,0.0,21.5,36.833333333333336,255.0,1.3333333333333333,24.833333333333332,81.66666666666667,67.16666666666667,22.083333333333332,9.333333333333334,46.93888888888889,W
2012,7,Sun,1:00PM ET,70,0,22.857142857142858,24.142857142857142,93.57142857142857,0.2857142857142857,26.285714285714285,37.57142857142857,286.57142857142856,0.5714285714285714,20.285714285714285,67.28571428571429,65.42857142857143,25.857142857142854,9.440476190476192,43.9751700680272,20.285714285714285,26.142857142857142,109.85714285714286,0.0,21.428571428571427,36.42857142857143,255.0,1.2857142857142858,22.571428571428573,74.28571428571429,66.0,22.833333333333332,8.0,47.304761904761904,W
2012,8,Sun,1:05PM ET,44,10,22.5,24.375,90.125,0.375,25.75,37.375,274.0,0.5,19.5,63.0,65.25,26.187499999999996,8.260416666666668,44.1032738095238,20.0,25.375,103.875,0.125,22.125,38.0,261.0,1.125,22.75,74.625,66.625,22.604166666666664,7.0,46.46666666666667,W
2012,9,Sun,1:02PM ET,39,7,22.22222222222222,26.0,99.66666666666667,0.3333333333333333,24.444444444444443,36.55555555555556,267.77777777777777,0.5555555555555556,18.444444444444443,56.55555555555556,65.77777777777777,26.611111111111107,9.046296296296298,43.92513227513226,19.555555555555557,24.555555555555557,98.33333333333333,0.2222222222222222,22.22222222222222,38.888888888888886,266.0,1.1111111111111112,22.444444444444443,72.66666666666667,66.55555555555556,22.351851851851848,6.75,46.08148148148148,W
2012,11,Sun,1:02PM ET,70,0,21.6,26.3,99.2,0.3,23.9,35.6,264.6,0.6,18.3,58.9,65.1,25.725,8.141666666666667,43.93261904761904,19.5,24.5,99.5,0.4,21.7,38.9,266.0,1.2,21.6,70.4,66.7,21.71666666666666,6.075,45.406666666666666,W
2012,12,Sun,8:30PM ET,34,17,21.09090909090909,26.272727272727273,100.72727272727273,0.36363636363636365,23.09090909090909,34.81818181818182,261.45454545454544,0.6363636363636364,19.272727272727273,58.0,64.45454545454545,25.568181818181817,8.31060606060606,43.43874458874458,19.818181818181817,25.09090909090909,103.81818181818181,0.36363636363636365,21.181818181818183,38.09090909090909,264.45454545454544,1.0909090909090908,20.181818181818183,66.18181818181819,66.27272727272727,21.924242424242422,5.5227272727272725,45.36969696969697,L
2012,13,Sun,1:02PM ET,45,8,21.166666666666668,27.083333333333332,105.0,0.3333333333333333,23.416666666666668,34.833333333333336,263.5,0.6666666666666666,17.916666666666668,59.666666666666664,65.16666666666667,25.32638888888889,7.923611111111112,43.277182539682535,19.5,25.333333333333332,115.16666666666667,0.3333333333333333,20.416666666666668,37.0,252.33333333333334,1.1666666666666667,18.5,64.66666666666667,65.16666666666667,22.305555555555554,5.104166666666667,45.50555555555555,W
2012,14,Sun,8:30PM ET,33,10,20.692307692307693,26.923076923076923,107.6923076923077,0.38461538461538464,22.692307692307693,34.0,256.53846153846155,0.6153846153846154,18.46153846153846,58.92307692307692,64.15384615384616,25.07051282051282,8.314102564102566,43.35842490842491,20.076923076923077,25.846153846153847,116.6923076923077,0.38461538461538464,20.923076923076923,37.61538461538461,253.23076923076923,1.1538461538461537,18.076923076923077,63.92307692307692,66.15384615384616,22.147435897435894,4.711538461538462,44.697435897435895,W
2012,15,Sun,1:03PM ET,44,9,20.642857142857142,27.285714285714285,108.07142857142857,0.5,22.714285714285715,34.142857142857146,259.0,0.5714285714285714,18.071428571428573,62.142857142857146,64.64285714285714,24.601190476190478,7.672619047619048,43.2328231292517,19.5,25.642857142857142,114.28571428571429,0.35714285714285715,20.285714285714285,36.42857142857143,244.78571428571428,1.1428571428571428,18.785714285714285,65.85714285714286,64.85714285714286,22.815476190476186,5.375,44.35,W
2012,16,Sun,1:02PM ET,24,9,21.133333333333333,27.8,108.66666666666667,0.4666666666666667,23.066666666666666,34.53333333333333,265.1333333333333,0.5333333333333333,17.4,58.666666666666664,65.4,22.961111111111112,8.507777777777779,42.99507936507936,18.866666666666667,25.4,111.93333333333334,0.3333333333333333,19.8,36.0,237.8,1.2,20.133333333333333,63.8,64.46666666666667,22.598148148148145,5.816666666666666,44.526666666666664,W
2012,17,Sun,4:25PM ET,70,0,21.3125,27.0625,106.375,0.5,23.375,34.875,271.375,0.5,18.3125,57.6875,65.125,23.317708333333336,9.257291666666667,42.974553571428565,19.25,26.125,118.5,0.3125,19.5625,35.5,237.5625,1.125,19.3125,65.9375,64.5625,22.967013888888886,6.578125,44.827083333333334,L
2013,2,Sun,1:02PM ET,56,4,25.5,21.5,101.0,1.0,27.5,39.5,406.5,0.5,25.0,42.0,64.0,12.666666666666668,11.75,43.25,20.5,25.5,99.0,0.0,26.5,39.5,366.0,0.5,7.0,81.5,66.5,24.833333333333336,4.25,42.0,W
2013,3,Sun,1:03PM ET,63,13,26.0,24.333333333333332,128.0,1.3333333333333333,27.0,40.666666666666664,352.3333333333333,1.0,25.666666666666668,46.333333333333336,68.33333333333333,11.944444444444445,7.833333333333333,43.27777777777778,20.0,25.0,93.33333333333333,1.0,24.333333333333332,35.666666666666664,322.3333333333333,0.6666666666666666,11.333333333333334,68.66666666666667,63.0,25.805555555555557,2.8333333333333335,42.55555555555555,L
2013,5,Sun,1:02PM ET,59,10,23.5,26.5,141.0,1.0,25.25,38.0,332.75,0.75,20.5,52.75,67.25,8.958333333333334,6.75,44.208333333333336,19.75,23.5,86.0,0.75,24.5,36.75,307.25,0.5,18.5,64.0,63.25,24.354166666666668,2.125,44.875,W
2013,6,Sun,1:02PM ET,61,10,21.8,27.2,140.8,1.0,23.6,36.8,329.2,0.8,19.8,53.2,66.8,10.966666666666667,7.666666666666667,46.333333333333336,18.8,23.2,78.2,0.8,23.6,36.2,314.2,0.4,20.6,59.2,62.8,24.583333333333336,5.5,44.233333333333334,W
2013,7,Sun,4:25PM ET,46,8,22.5,27.5,134.66666666666666,0.8333333333333334,23.833333333333332,36.666666666666664,317.6666666666667,0.6666666666666666,17.666666666666668,60.5,66.66666666666667,12.888888888888891,9.38888888888889,43.611111111111114,18.5,23.166666666666668,79.0,0.6666666666666666,22.5,37.166666666666664,286.6666666666667,0.5,19.833333333333332,67.0,63.666666666666664,28.361111111111114,4.583333333333333,44.25,W
2013,8,Sun,8:30PM ET,70,0,23.0,29.571428571428573,141.42857142857142,0.7142857142857143,23.857142857142858,35.57142857142857,313.0,0.5714285714285714,15.571428571428571,69.0,67.57142857142857,13.476190476190478,14.690476190476192,37.38095238095239,18.0,22.571428571428573,83.57142857142857,0.5714285714285714,21.285714285714285,34.857142857142854,266.42857142857144,0.42857142857142855,18.857142857142858,64.0,60.714285714285715,30.190476190476193,3.9285714285714284,44.57142857142857,W
2013,9,Mon,8:40PM ET,49,14,22.25,29.5,148.625,0.625,22.375,33.75,291.5,0.625,17.125,60.375,66.0,14.375000000000002,13.604166666666668,37.91666666666667,18.875,23.875,94.5,0.5,21.375,35.625,267.125,0.375,16.625,61.625,62.5,29.229166666666668,6.3125,44.25,L
2013,10,Sun,1:02PM ET,45,12,22.333333333333332,29.555555555555557,143.11111111111111,0.5555555555555556,23.11111111111111,34.888888888888886,293.0,0.7777777777777778,16.11111111111111,57.111111111111114,67.0,14.694444444444445,12.314814814814817,39.03703703703704,18.88888888888889,25.333333333333332,106.66666666666667,0.5555555555555556,20.333333333333332,33.666666666666664,262.77777777777777,0.3333333333333333,16.666666666666668,62.0,62.0,26.537037037037038,5.611111111111111,43.611111111111114,L
2013,11,Sun,4:25PM ET,59,2,21.7,28.6,134.3,0.5,23.2,34.8,297.6,1.0,14.5,55.2,65.7,15.525,12.216666666666667,39.63333333333334,18.9,25.2,103.8,0.5,20.8,33.8,264.4,0.4,17.3,58.8,62.1,25.633333333333336,8.25,44.55,L
2013,12,Sun,1:02PM ET,19,10,22.454545454545453,29.09090909090909,139.9090909090909,0.45454545454545453,23.636363636363637,36.45454545454545,299.27272727272725,0.9090909090909091,14.818181818181818,54.72727272727273,67.81818181818181,16.022727272727273,11.34848484848485,39.73484848484849,19.727272727272727,26.818181818181817,115.45454545454545,0.5454545454545454,20.818181818181817,33.45454545454545,261.54545454545456,0.36363636363636365,17.363636363636363,58.27272727272727,63.63636363636363,25.90303030303031,7.5,44.39393939393939,T
2013,13,Thu,12:36PM ET,70,0,21.166666666666668,27.916666666666668,130.25,0.5833333333333334,22.5,35.083333333333336,285.9166666666667,0.9166666666666666,16.666666666666668,52.25,65.66666666666667,16.395833333333332,10.402777777777779,40.40972222222222,20.583333333333332,28.166666666666668,125.91666666666667,0.6666666666666666,20.916666666666668,33.583333333333336,267.25,0.5,16.75,57.583333333333336,64.91666666666667,25.688888888888894,7.833333333333333,43.444444444444436,L
2013,14,Sun,1:02PM ET,9,6,21.076923076923077,28.307692307692307,128.84615384615384,0.6153846153846154,22.615384615384617,34.84615384615385,283.7692307692308,0.9230769230769231,18.153846153846153,49.0,66.0,17.0,10.525641025641026,40.94230769230769,20.384615384615383,27.76923076923077,122.61538461538461,0.6923076923076923,20.846153846153847,33.69230769230769,262.53846153846155,0.5384615384615384,15.76923076923077,54.30769230769231,64.46153846153847,25.32820512820513,7.846153846153846,43.52564102564102,W
2013,15,Sun,4:25PM ET,70,0,21.428571428571427,28.214285714285715,130.35714285714286,0.5714285714285714,22.857142857142858,35.142857142857146,284.85714285714283,0.9285714285714286,18.0,49.714285714285715,66.14285714285714,15.785714285714286,11.630952380952381,41.535714285714285,20.857142857142858,27.071428571428573,123.42857142857143,0.6428571428571429,21.428571428571427,34.714285714285715,269.35714285714283,0.6428571428571429,16.5,56.07142857142857,64.78571428571429,25.161904761904765,7.785714285714286,44.09523809523809,W
2013,16,Sun,4:25PM ET,23,13,21.733333333333334,28.333333333333332,131.73333333333332,0.6,22.733333333333334,35.4,281.3333333333333,0.9333333333333333,17.666666666666668,52.4,66.53333333333333,16.58888888888889,11.38888888888889,41.54,20.866666666666667,27.2,125.26666666666667,0.6666666666666666,21.133333333333333,34.333333333333336,264.53333333333336,0.6666666666666666,15.733333333333333,56.2,64.4,25.044444444444444,8.633333333333333,43.528888888888886,L
2013,17,Sun,4:25PM ET,26,16,21.9375,28.6875,133.5,0.5625,22.875,35.625,283.625,1.0,16.875,50.0625,67.125,16.802083333333332,10.677083333333334,41.44375,20.625,27.0,125.0,0.6875,20.75,33.6875,262.125,0.6875,14.875,55.1875,63.4375,24.657738095238095,11.15625,42.94895833333333,W
2014,2,Sun,4:25PM ET,63,15,22.0,21.5,80.0,0.5,24.0,37.5,267.5,0.5,25.0,49.5,62.5,25.625,2.5,43.75,22.0,37.0,177.0,0.5,17.5,30.0,183.5,0.5,5.0,75.5,68.5,14.833333333333332,2.583333333333333,39.8,W
2014,3,Sun,1:02PM ET,70,0,19.333333333333332,21.666666666666668,78.66666666666667,0.6666666666666666,21.333333333333332,34.0,232.33333333333334,0.3333333333333333,21.666666666666668,43.0,58.666666666666664,25.583333333333332,5.5,43.5,21.666666666666668,37.333333333333336,156.33333333333334,0.6666666666666666,19.0,31.333333333333332,204.33333333333334,1.0,6.0,63.666666666666664,70.33333333333333,19.22222222222222,4.388888888888888,43.86666666666667,L
2014,4,Sun,1:02PM ET,70,3,19.75,20.75,73.0,0.5,21.5,32.5,249.75,0.25,16.25,49.75,55.75,24.770833333333332,4.125,32.625,24.5,38.25,176.0,0.5,20.0,32.25,219.5,1.25,5.5,59.25,72.0,19.791666666666664,3.2916666666666665,32.9,W
2014,5,Thu,8:26PM ET,62,6,18.8,22.2,89.6,0.4,20.2,30.4,235.4,0.4,15.8,45.8,55.0,19.816666666666666,4.2,36.233333333333334,23.6,35.6,163.0,0.6,20.4,34.6,220.0,1.4,11.2,65.6,72.6,21.19333333333333,3.5333333333333328,35.005714285714284,W
2014,6,Sun,1:02PM ET,86,13,20.166666666666668,24.166666666666668,94.83333333333333,0.3333333333333333,20.833333333333332,32.333333333333336,240.16666666666666,0.3333333333333333,15.833333333333334,45.5,59.0,22.013888888888886,6.916666666666667,37.36111111111111,22.833333333333332,33.5,154.5,0.6666666666666666,20.333333333333332,34.0,224.0,1.5,10.5,58.833333333333336,69.66666666666667,25.24444444444444,2.944444444444444,36.22698412698413,W
2014,7,Sun,1:02PM ET,48,12,20.428571428571427,25.0,98.71428571428571,0.2857142857142857,20.571428571428573,31.142857142857142,242.28571428571428,0.2857142857142857,15.571428571428571,43.142857142857146,58.57142857142857,20.1547619047619,7.738095238095238,39.90952380952381,22.857142857142858,32.285714285714285,147.85714285714286,0.5714285714285714,20.571428571428573,34.714285714285715,227.42857142857142,1.4285714285714286,12.571428571428571,60.42857142857143,69.28571428571429,25.566666666666663,3.8095238095238093,38.74557823129252,W
2014,8,Sun,8:30PM ET,70,0,20.75,24.25,97.5,0.375,21.625,32.25,265.25,0.5,16.625,48.25,59.125,17.635416666666664,6.770833333333333,34.920833333333334,23.5,32.125,153.5,0.625,21.375,34.375,237.875,1.25,12.125,57.25,68.75,22.37083333333333,3.333333333333333,33.90238095238095,L
2014,10,Sun,8:30PM ET,34,5,20.77777777777778,25.11111111111111,101.33333333333333,0.4444444444444444,21.333333333333332,32.22222222222222,271.22222222222223,0.4444444444444444,14.777777777777779,48.44444444444444,59.666666666666664,17.898148148148145,6.907407407407407,35.52222222222222,23.22222222222222,31.22222222222222,142.55555555555554,0.6666666666666666,21.555555555555557,35.0,242.88888888888889,1.3333333333333333,13.777777777777779,69.0,68.66666666666667,23.085185185185182,3.685185185185185,34.88544973544973,W
2014,11,Sun,4:25PM ET,28,13,21.2,25.1,102.2,0.4,21.6,32.8,280.8,0.4,13.5,48.8,60.1,17.508333333333333,13.716666666666665,35.97,23.1,31.2,139.2,0.8,22.0,35.9,253.2,1.4,15.0,67.4,69.6,23.001666666666665,3.9166666666666665,35.37190476190476,W
2014,12,Sun,1:03PM ET,49,0,21.454545454545453,25.727272727272727,107.0,0.36363636363636365,21.363636363636363,32.45454545454545,274.27272727272725,0.36363636363636365,12.454545454545455,51.18181818181818,60.27272727272727,15.916666666666664,13.166666666666664,36.54090909090909,22.818181818181817,30.636363636363637,136.72727272727272,0.7272727272727273,21.90909090909091,36.0,249.27272727272728,1.3636363636363635,14.909090909090908,68.27272727272727,69.0909090909091,23.20151515151515,4.015151515151515,36.224458874458875,W
2014,13,Sun,4:25PM ET,28,14,21.666666666666668,26.0,108.91666666666667,0.3333333333333333,21.583333333333332,32.916666666666664,282.0833333333333,0.3333333333333333,13.083333333333334,48.75,61.083333333333336,16.465277777777775,12.069444444444443,36.6625,22.583333333333332,29.583333333333332,132.33333333333334,0.6666666666666666,21.916666666666668,35.916666666666664,248.91666666666666,1.25,14.416666666666666,64.66666666666667,67.83333333333333,22.851388888888888,3.9305555555555554,36.205753968253966,W
2014,14,Mon,8:30PM ET,33,0,22.153846153846153,26.307692307692307,114.3076923076923,0.3076923076923077,21.76923076923077,33.15384615384615,285.53846153846155,0.3076923076923077,12.384615384615385,48.07692307692308,61.53846153846154,16.326923076923073,11.910256410256409,36.22692307692308,22.846153846153847,29.153846153846153,129.15384615384616,0.6153846153846154,22.076923076923077,36.15384615384615,258.61538461538464,1.2307692307692308,13.384615384615385,60.53846153846154,67.53846153846153,22.93974358974359,3.628205128205128,37.1514652014652,W
2014,15,Sun,1:02PM ET,38,10,22.071428571428573,26.142857142857142,117.42857142857143,0.2857142857142857,21.428571428571427,33.785714285714285,278.35714285714283,0.42857142857142855,12.214285714285714,49.642857142857146,61.92857142857143,15.732142857142856,11.238095238095237,36.69880952380952,22.142857142857142,29.428571428571427,128.0,0.5714285714285714,21.5,35.5,251.42857142857142,1.2142857142857142,13.714285714285714,61.57142857142857,67.21428571428571,22.26547619047619,6.047619047619047,37.37874149659864,L
2014,16,Sun,1:03PM ET,75,7,22.133333333333333,26.466666666666665,117.66666666666667,0.3333333333333333,22.066666666666666,34.2,281.0,0.4,11.933333333333334,49.0,62.6,14.683333333333332,10.555555555555554,36.55222222222222,21.066666666666666,28.4,120.53333333333333,0.5333333333333333,20.866666666666667,34.86666666666667,244.46666666666667,1.2,16.4,59.46666666666667,65.86666666666666,22.714444444444442,5.644444444444444,37.6868253968254,W
2014,17,Sun,4:25PM ET,27,5,22.25,27.1875,119.8125,0.4375,21.8125,33.5,277.9375,0.375,11.625,48.4375,62.5625,13.765624999999998,13.333333333333332,36.70520833333333,21.1875,28.0625,119.9375,0.5625,20.8125,35.25,242.75,1.125,16.3125,59.0625,65.875,22.869791666666664,6.166666666666666,37.70639880952381,W
2015,2,Sun,8:25PM ET,62,9,21.0,29.5,130.0,0.5,21.5,28.0,219.0,0.0,7.5,54.5,58.5,22.75,0.0,47.41666666666667,23.0,29.0,154.0,0.5,18.5,33.0,215.5,1.0,6.5,78.0,64.0,20.375,11.0,48.1,W
2015,3,Mon,8:30PM ET,67,5,22.666666666666668,30.333333333333332,127.66666666666667,0.3333333333333333,22.333333333333332,30.333333333333332,257.0,0.0,7.666666666666667,66.0,61.666666666666664,25.833333333333332,2.5,45.94444444444445,23.0,25.333333333333332,127.66666666666667,0.3333333333333333,20.333333333333332,35.333333333333336,240.33333333333334,1.0,17.333333333333332,64.66666666666667,64.33333333333333,23.083333333333332,8.533333333333333,48.78888888888889,W
2015,4,Sun,4:25PM ET,74,5,21.5,31.0,136.25,0.25,22.25,30.75,248.75,0.0,11.75,65.75,63.25,19.375,3.041666666666667,44.25,19.25,23.75,115.0,0.25,18.5,32.75,220.25,1.0,23.25,56.0,60.75,22.3125,7.4,46.88333333333333,W
2015,5,Sun,1:02PM ET,67,14,20.0,30.2,126.2,0.4,21.6,30.6,247.2,0.4,10.4,66.0,62.4,15.5,3.3333333333333335,44.95,18.8,26.2,130.2,0.2,17.2,32.4,208.4,1.6,22.2,52.8,62.6,22.85,6.32,46.556666666666665,W
2015,6,Sun,4:25PM ET,54,12,19.5,28.0,127.33333333333333,0.3333333333333333,20.666666666666668,30.333333333333332,248.5,0.3333333333333333,11.666666666666666,63.333333333333336,60.166666666666664,16.194444444444446,4.277777777777778,44.208333333333336,21.0,25.333333333333332,118.5,0.3333333333333333,21.5,37.833333333333336,257.5,1.3333333333333333,21.0,56.666666666666664,67.0,22.097222222222218,4.683333333333334,45.29722222222222,W
2015,8,Sun,8:30PM ET,61,9,18.714285714285715,27.0,122.0,0.2857142857142857,19.714285714285715,29.142857142857142,224.0,0.2857142857142857,13.857142857142858,56.42857142857143,58.142857142857146,17.095238095238095,4.952380952380953,44.49285714285714,21.428571428571427,26.571428571428573,124.42857142857143,0.2857142857142857,21.428571428571427,36.57142857142857,269.2857142857143,1.2857142857142858,18.0,61.857142857142854,66.42857142857143,20.797619047619044,4.585714285714286,44.540476190476184,L
2015,9,Sun,1:04PM ET,57,10,19.0,26.0,115.625,0.375,20.375,31.5,242.125,0.375,16.875,60.25,59.875,17.916666666666668,4.895833333333334,44.509375,21.25,27.75,125.125,0.25,20.625,35.75,272.75,1.25,15.75,59.75,66.375,20.260416666666664,4.8875,44.99374999999999,L
2015,10,Sun,1:04PM ET,55,7,19.333333333333332,25.11111111111111,108.0,0.3333333333333333,22.0,34.77777777777778,252.22222222222223,0.3333333333333333,15.88888888888889,59.666666666666664,62.333333333333336,18.814814814814817,4.740740740740741,44.15648148148148,20.666666666666668,27.555555555555557,116.22222222222223,0.2222222222222222,21.0,36.0,269.3333333333333,1.2222222222222223,14.0,57.0,66.11111111111111,25.453703703703702,5.427777777777778,44.708730158730155,L
2015,11,Sun,4:25PM ET,30,8,19.3,26.0,109.6,0.3,21.4,34.7,248.2,0.3,15.9,55.6,63.1,21.083333333333336,4.716666666666667,43.54083333333333,20.2,26.6,114.0,0.3,21.4,36.2,272.0,1.1,17.4,62.3,65.7,25.72833333333333,4.885,44.321190476190466,W
2015,12,Thu,8:30PM ET,39,19,19.636363636363637,26.181818181818183,115.72727272727273,0.36363636363636365,21.454545454545453,35.45454545454545,244.0,0.36363636363636365,15.727272727272727,54.0,64.0,21.651515151515152,4.333333333333334,42.818939393939395,19.90909090909091,27.0,112.81818181818181,0.2727272727272727,21.181818181818183,35.72727272727273,265.45454545454544,1.0,16.818181818181817,65.27272727272727,65.45454545454545,26.7530303030303,4.759090909090909,43.96244588744588,L
2015,13,Thu,8:26PM ET,70,0,19.583333333333332,26.0,111.66666666666667,0.3333333333333333,21.666666666666668,35.5,246.41666666666666,0.4166666666666667,16.666666666666668,54.083333333333336,63.916666666666664,21.541666666666668,3.9722222222222228,43.22291666666666,19.666666666666668,26.833333333333332,111.83333333333333,0.3333333333333333,21.333333333333332,35.666666666666664,261.6666666666667,0.9166666666666666,16.666666666666668,68.83333333333333,65.25,26.64861111111111,4.3625,44.10446428571428,W
2015,14,Sun,4:25PM ET,53,10,20.307692307692307,27.384615384615383,120.76923076923077,0.3076923076923077,21.692307692307693,35.46153846153846,244.23076923076923,0.38461538461538464,16.384615384615383,55.23076923076923,65.23076923076923,21.423076923076923,3.916666666666667,43.513461538461534,19.0,26.307692307692307,116.38461538461539,0.3076923076923077,20.692307692307693,35.15384615384615,250.30769230769232,0.9230769230769231,16.53846153846154,65.84615384615384,64.15384615384616,26.291025641025637,3.873076923076923,44.28324175824176,W
2015,15,Sun,4:05PM ET,54,18,20.142857142857142,27.428571428571427,119.5,0.35714285714285715,21.714285714285715,35.714285714285715,241.35714285714286,0.42857142857142855,16.214285714285715,56.642857142857146,65.5,21.564285714285713,4.4940476190476195,44.17321428571428,19.071428571428573,26.214285714285715,116.64285714285714,0.2857142857142857,20.857142857142858,36.0,252.14285714285714,1.0,17.071428571428573,67.92857142857143,64.92857142857143,26.05595238095238,3.4892857142857143,44.22015306122449,W
2015,16,Sun,4:25PM ET,70,0,19.866666666666667,27.333333333333332,118.26666666666667,0.5333333333333333,21.333333333333332,35.266666666666666,235.6,0.4666666666666667,20.333333333333332,56.8,65.4,21.126666666666665,4.194444444444445,44.206111111111106,19.066666666666666,26.2,116.93333333333334,0.3333333333333333,20.733333333333334,35.46666666666667,253.26666666666668,1.0,16.533333333333335,71.33333333333333,64.33333333333333,25.318888888888885,3.5566666666666666,44.13880952380952,L
2015,17,Sun,8:30PM ET,24,11,19.8125,27.25,115.625,0.5625,21.75,35.8125,239.0625,0.5,20.125,56.625,66.0,21.43125,4.401041666666667,44.22447916666666,18.75,26.25,119.0625,0.375,20.0625,34.4375,243.625,1.0,16.0,69.1875,63.375,26.67395833333333,3.771875,43.817633928571425,L
2016,2,Sun,8:32PM ET,70,0,19.0,24.0,89.0,1.0,20.0,35.0,206.0,0.5,16.5,48.0,62.0,17.5,1.0,42.3,17.5,24.0,39.0,0.5,23.0,35.0,303.0,0.5,26.0,108.0,62.5,28.25,7.0,50.75,L
2016,3,Sun,1:02PM ET,72,17,18.333333333333332,24.0,100.33333333333333,0.6666666666666666,18.333333333333332,31.333333333333332,205.66666666666666,0.3333333333333333,12.333333333333334,47.0,58.0,19.666666666666668,1.0,42.03333333333333,19.0,23.666666666666668,42.666666666666664,0.3333333333333333,24.666666666666668,37.0,330.3333333333333,0.6666666666666666,23.0,100.66666666666667,64.0,26.25,7.333333333333333,49.666666666666664,W
2016,5,Sun,8:30PM ET,49,7,19.5,26.0,112.0,0.5,19.5,34.75,219.0,0.75,9.25,49.5,62.75,20.0,1.5,40.65,17.75,21.5,42.75,0.5,23.0,36.5,297.5,0.5,22.5,88.25,61.5,28.4375,7.0,47.041666666666664,W
2016,6,Sun,4:25PM ET,69,8,20.4,25.6,105.2,1.0,21.8,36.2,234.0,0.8,7.4,44.2,63.6,22.4,6.2,41.92,19.0,23.8,72.4,0.6,22.0,34.6,287.4,0.6,20.8,82.6,61.6,26.95,5.6,45.93333333333333,L
2016,7,Thu,8:26PM ET,47,10,22.333333333333332,25.166666666666668,104.83333333333333,1.0,24.666666666666668,39.5,249.33333333333334,0.6666666666666666,10.0,46.166666666666664,66.5,21.583333333333332,6.166666666666667,42.6,18.0,22.833333333333332,71.83333333333333,0.5,20.0,33.166666666666664,261.1666666666667,0.8333333333333334,19.0,86.83333333333333,58.833333333333336,24.791666666666668,4.666666666666667,45.77777777777777,W
2016,8,Sun,4:25PM ET,70,0,22.571428571428573,24.285714285714285,105.28571428571429,0.8571428571428571,25.142857142857142,39.285714285714285,248.85714285714286,0.5714285714285714,11.857142857142858,49.285714285714285,65.57142857142857,18.5,9.571428571428571,44.27619047619048,19.0,22.285714285714285,74.42857142857143,0.42857142857142855,21.142857142857142,33.42857142857143,265.0,0.7142857142857143,17.857142857142858,81.0,58.42857142857143,24.25,6.0,46.45238095238095,L
2016,9,Sun,4:25PM ET,68,7,22.875,23.625,106.625,0.75,25.25,39.75,254.875,0.625,11.375,46.25,65.5,18.854166666666664,9.375,44.77291666666667,19.375,23.0,75.75,0.375,21.375,33.75,267.0,0.875,17.0,75.25,59.375,31.21875,5.4375,47.58333333333333,L
2016,10,Sun,1:00PM ET,56,3,22.666666666666668,22.444444444444443,102.44444444444444,0.7777777777777778,26.0,41.44444444444444,268.6666666666667,0.7777777777777778,15.222222222222221,53.0,66.33333333333333,19.59259259259259,8.851851851851853,45.40925925925926,19.333333333333332,23.88888888888889,84.44444444444444,0.3333333333333333,21.22222222222222,33.0,271.22222222222223,0.7777777777777778,16.555555555555557,74.11111111111111,59.333333333333336,30.86111111111111,6.111111111111111,46.907407407407405,L
2016,11,Sun,8:30PM ET,38,23,22.3,22.1,100.6,0.8,26.1,41.7,277.8,0.8,15.7,53.6,66.2,18.43333333333333,8.966666666666667,45.468333333333334,19.5,24.5,91.1,0.3,21.2,32.7,281.6,0.7,16.0,70.7,59.6,29.775,6.3,46.016666666666666,L
2016,12,Mon,8:30PM ET,47,7,22.545454545454547,22.636363636363637,98.18181818181819,0.7272727272727273,26.454545454545453,41.45454545454545,281.0,0.7272727272727273,14.272727272727273,53.36363636363637,66.27272727272727,18.39393939393939,8.151515151515152,45.24393939393939,19.545454545454547,23.90909090909091,90.18181818181819,0.2727272727272727,21.454545454545453,33.0,279.09090909090907,0.7272727272727273,18.454545454545453,68.0909090909091,59.45454545454545,28.5530303030303,5.7272727272727275,45.060606060606055,W
2016,13,Sun,1:00PM ET,32,8,22.0,22.916666666666668,99.08333333333333,0.75,25.916666666666668,40.5,275.0,0.6666666666666666,13.833333333333334,51.416666666666664,65.5,19.652777777777775,8.694444444444445,45.05694444444445,19.333333333333332,24.166666666666668,92.91666666666667,0.3333333333333333,21.5,33.166666666666664,272.6666666666667,0.6666666666666666,18.416666666666668,63.416666666666664,59.833333333333336,28.006944444444443,6.583333333333333,44.72222222222222,W
2016,14,Sun,4:25PM ET,26,5,21.692307692307693,23.46153846153846,98.61538461538461,0.6923076923076923,25.307692307692307,39.30769230769231,272.7692307692308,0.6153846153846154,13.461538461538462,51.30769230769231,64.76923076923077,19.525641025641026,8.025641025641026,44.552564102564105,19.53846153846154,24.307692307692307,96.23076923076923,0.38461538461538464,21.53846153846154,33.61538461538461,270.15384615384613,1.0,18.692307692307693,63.38461538461539,60.46153846153846,27.944871794871794,6.076923076923077,43.8974358974359,W
2016,15,Sun,1:00PM ET,11,12,21.571428571428573,23.428571428571427,107.71428571428571,0.6428571428571429,24.857142857142858,38.714285714285715,271.2857142857143,0.5714285714285714,14.428571428571429,52.214285714285715,64.28571428571429,19.245238095238097,7.595238095238096,44.3702380952381,20.214285714285715,23.928571428571427,96.14285714285714,0.42857142857142855,22.142857142857142,34.285714285714285,276.7142857142857,1.1428571428571428,17.928571428571427,61.714285714285715,60.642857142857146,27.50238095238095,6.25,43.904761904761905,W
2016,16,Sat,1:00PM ET,37,8,21.4,22.866666666666667,103.2,0.6,25.066666666666666,38.733333333333334,276.3333333333333,0.5333333333333333,16.066666666666666,50.13333333333333,63.86666666666667,19.378888888888888,7.755555555555556,44.29,20.333333333333332,23.666666666666668,95.93333333333334,0.5333333333333333,22.933333333333334,35.333333333333336,283.73333333333335,1.0666666666666667,18.666666666666668,62.266666666666666,61.53333333333333,26.668888888888887,6.5,43.45777777777778,W
2016,17,Sun,8:30PM ET,70,0,21.8125,23.375,106.3125,0.5625,25.1875,38.75,277.8125,0.5,15.375,51.6875,64.3125,18.167708333333334,7.583333333333334,43.846875000000004,20.5625,23.5,94.6875,0.5,23.125,35.6875,287.6875,1.0625,18.4375,60.25,61.6875,26.50208333333333,6.09375,43.86666666666667,W
2017,2,Sun,8:30PM ET,70,0,25.0,21.5,71.5,0.5,30.5,46.0,327.0,1.0,30.0,70.0,71.0,0.0,0.0,41.73333333333333,15.5,22.5,115.5,0.5,16.5,27.5,205.0,0.0,26.0,42.0,53.0,22.916666666666664,3.5,43.54166666666667,L
2017,3,Sun,4:25PM ET,89,8,24.0,20.0,69.0,0.3333333333333333,29.666666666666668,44.666666666666664,322.3333333333333,1.0,31.0,57.666666666666664,69.0,0.0,4.666666666666667,44.26666666666666,17.333333333333332,25.0,113.66666666666667,0.6666666666666666,18.0,27.333333333333332,207.33333333333334,0.0,24.333333333333332,50.666666666666664,55.333333333333336,21.944444444444443,4.3999999999999995,45.47222222222223,W
2017,4,Thu,8:25PM ET,65,5,22.25,21.0,74.5,0.25,27.0,40.25,286.5,0.75,25.75,57.0,65.0,0.0,4.75,45.099999999999994,18.0,26.25,111.0,1.0,18.75,28.75,210.0,0.5,21.5,53.5,57.5,22.958333333333332,4.175,46.35416666666667,W
2017,5,Sun,4:25PM ET,70,0,22.8,21.8,91.6,0.4,25.4,38.0,273.4,0.6,28.4,53.2,63.6,3.4,3.8,45.779999999999994,19.6,28.0,121.4,1.2,20.0,30.2,218.2,0.6,18.4,56.8,60.4,23.366666666666667,3.1399999999999997,44.68333333333334,W
2017,6,Sun,1:00PM ET,70,0,21.333333333333332,22.166666666666668,88.33333333333333,0.3333333333333333,24.5,37.833333333333336,257.0,1.0,27.0,59.666666666666664,63.833333333333336,6.5,4.5,45.45555555555555,20.333333333333332,28.666666666666668,119.83333333333333,1.1666666666666667,20.666666666666668,31.5,221.66666666666666,0.6666666666666666,15.333333333333334,58.166666666666664,62.0,22.638888888888886,1.7833333333333332,43.69444444444445,L
2017,7,Sun,1:00PM ET,52,10,20.571428571428573,22.428571428571427,101.57142857142857,0.2857142857142857,22.714285714285715,36.0,232.71428571428572,1.0,24.285714285714285,58.857142857142854,61.857142857142854,9.285714285714286,3.857142857142857,45.76190476190476,21.0,29.714285714285715,125.71428571428571,1.0,21.571428571428573,32.42857142857143,237.28571428571428,0.8571428571428571,14.142857142857142,61.285714285714285,63.857142857142854,23.476190476190474,2.5285714285714285,43.023809523809526,L
2017,9,Mon,8:30PM ET,35,3,20.625,21.75,98.625,0.25,23.125,36.25,234.25,0.875,22.75,54.0,61.375,10.625,3.375,45.375,21.375,30.125,118.0,1.0,22.125,32.5,252.75,0.75,13.375,56.0,64.25,22.041666666666664,2.775,37.645833333333336,L
2017,10,Sun,1:00PM ET,40,6,20.333333333333332,23.444444444444443,105.44444444444444,0.2222222222222222,22.555555555555557,35.0,231.77777777777777,0.7777777777777778,23.555555555555557,51.888888888888886,61.77777777777778,12.277777777777779,4.166666666666667,44.77777777777778,20.555555555555557,28.666666666666668,111.0,1.0,22.0,32.77777777777778,257.6666666666667,0.6666666666666666,15.11111111111111,58.44444444444444,63.44444444444444,21.96296296296296,3.3555555555555556,38.818518518518516,W
2017,11,Sun,1:00PM ET,28,14,19.9,23.6,102.4,0.4,22.4,35.1,232.5,1.0,26.1,52.0,62.3,13.45,4.2,44.339999999999996,19.9,28.4,105.7,0.9,22.0,32.3,250.2,0.7,15.8,55.6,62.8,23.266666666666662,5.82,39.07952380952381,L
2017,12,Sun,8:30PM ET,38,7,19.454545454545453,23.636363636363637,100.36363636363636,0.36363636363636365,21.90909090909091,34.27272727272727,233.63636363636363,0.9090909090909091,25.363636363636363,49.72727272727273,61.54545454545455,14.015151515151514,3.8181818181818183,44.69090909090909,20.636363636363637,28.0,107.0909090909091,0.9090909090909091,23.0,33.45454545454545,259.3636363636364,0.8181818181818182,15.272727272727273,54.63636363636363,63.45454545454545,23.787878787878785,5.5636363636363635,38.46623376623376,L
2017,13,Sun,1:00PM ET,42,8,19.166666666666668,24.083333333333332,108.58333333333333,0.3333333333333333,21.166666666666668,33.25,221.16666666666666,0.9166666666666666,23.833333333333332,49.5,60.833333333333336,15.368055555555555,3.5833333333333335,44.73749999999999,21.0,28.583333333333332,111.91666666666667,0.9166666666666666,22.833333333333332,33.333333333333336,260.25,0.75,17.333333333333332,56.25,64.33333333333333,23.472222222222218,5.433333333333334,38.194047619047616,W
2017,14,Sun,1:00PM ET,29,24,19.53846153846154,24.307692307692307,106.76923076923077,0.3076923076923077,22.23076923076923,34.23076923076923,224.53846153846155,0.8461538461538461,22.692307692307693,47.23076923076923,61.84615384615385,16.108974358974358,5.730769230769231,44.96923076923076,20.692307692307693,28.46153846153846,113.76923076923077,0.8461538461538461,22.615384615384617,32.92307692307692,256.6923076923077,0.8461538461538461,16.384615384615383,55.38461538461539,63.76923076923077,22.589743589743588,5.207692307692308,39.27527472527473,W
2017,15,Sun,1:00PM ET,51,5,19.857142857142858,23.928571428571427,107.71428571428571,0.35714285714285715,22.5,35.0,229.21428571428572,1.0,22.928571428571427,45.857142857142854,62.214285714285715,14.958333333333332,5.857142857142857,44.685714285714276,21.285714285714285,29.142857142857142,116.42857142857143,0.7857142857142857,22.428571428571427,32.785714285714285,255.64285714285714,0.7857142857142857,15.642857142857142,54.285714285714285,64.21428571428571,22.583333333333332,5.192857142857143,39.57704081632653,L
2017,16,Sat,8:30PM ET,10,6,19.333333333333332,23.933333333333334,108.06666666666666,0.3333333333333333,22.133333333333333,35.333333333333336,222.6,1.0666666666666667,21.666666666666668,48.06666666666667,62.4,15.24111111111111,6.111111111111112,44.273333333333326,20.866666666666667,29.4,116.13333333333334,0.7333333333333333,21.866666666666667,32.266666666666666,247.86666666666667,0.7333333333333333,15.6,51.333333333333336,64.0,22.54444444444444,5.58,39.57666666666667,L
2017,17,Sun,1:00PM ET,70,0,19.1875,24.125,107.75,0.4375,22.0,35.125,220.75,1.125,22.8125,49.3125,62.4375,15.038541666666665,6.6875,44.30833333333333,20.6875,29.0,112.0625,0.6875,21.75,32.0625,252.5625,0.6875,15.75,52.0,63.375,21.947916666666664,5.877083333333333,39.873958333333334,L
2018,2,Sun,1:00PM ET,80,5,20.0,21.0,83.5,0.5,27.0,39.5,311.0,0.5,34.0,63.0,64.5,15.333333333333334,8.5,49.9,21.0,22.5,103.5,0.5,29.0,41.5,298.0,0.5,14.5,52.5,67.0,27.5,17.75,50.625,T
2018,3,Sun,1:00PM ET,62,6,19.666666666666668,19.666666666666668,89.0,0.6666666666666666,27.0,41.333333333333336,295.6666666666667,0.3333333333333333,31.0,80.33333333333333,65.0,18.555555555555557,8.083333333333334,48.73333333333333,20.666666666666668,26.666666666666668,124.33333333333333,0.3333333333333333,23.333333333333332,34.333333333333336,272.0,0.6666666666666666,9.666666666666666,57.0,63.0,23.833333333333332,14.833333333333334,49.416666666666664,L
2018,4,Sun,1:00PM ET,49,9,20.25,22.75,102.0,0.75,25.75,41.0,296.25,0.5,27.25,75.25,67.25,13.916666666666668,7.0625,47.2375,18.25,24.0,107.75,0.5,21.5,34.0,241.75,1.0,23.25,47.75,61.25,22.5,10.875,47.9375,W
2018,5,Sun,1:00PM ET,70,0,22.2,22.2,101.2,1.2,27.0,43.2,325.4,0.4,25.6,82.6,69.0,14.033333333333335,5.85,37.79,18.2,24.8,105.0,0.4,20.0,32.4,230.0,0.8,21.2,52.4,60.4,24.0,8.7,47.47,L
2018,6,Mon,8:15PM ET,37,5,22.833333333333332,22.0,103.66666666666667,1.0,26.666666666666668,43.666666666666664,342.0,0.3333333333333333,24.666666666666668,77.83333333333333,69.16666666666667,15.111111111111112,5.875,37.949999999999996,18.166666666666668,25.666666666666668,116.5,0.6666666666666666,19.333333333333332,30.833333333333332,232.5,0.8333333333333334,20.666666666666668,45.333333333333336,59.5,24.599999999999998,7.25,46.55833333333334,W
2018,8,Sun,4:25PM ET,82,1,21.857142857142858,21.571428571428573,104.0,1.0,25.428571428571427,41.714285714285715,334.0,0.2857142857142857,25.857142857142858,68.14285714285714,66.71428571428571,16.190476190476193,6.892857142857143,38.642857142857146,18.857142857142858,26.857142857142858,119.14285714285714,0.5714285714285714,19.428571428571427,31.571428571428573,243.14285714285714,0.7142857142857143,21.428571428571427,41.0,61.714285714285715,23.37142857142857,6.357142857142857,46.3561224489796,L
2018,9,Sun,8:20PM ET,40,2,21.875,22.0,105.625,1.0,25.25,41.875,324.625,0.25,23.75,67.5,67.0,16.854166666666668,6.03125,39.0625,20.0,27.375,119.625,0.5,19.875,32.125,254.125,0.625,21.375,39.625,62.625,24.45,5.5625,46.769940476190484,L
2018,10,Sun,4:25PM ET,33,6,21.77777777777778,22.333333333333332,115.55555555555556,1.0,24.555555555555557,40.333333333333336,310.6666666666667,0.2222222222222222,23.0,65.0,65.66666666666667,16.87037037037037,7.472222222222222,38.833333333333336,19.88888888888889,26.88888888888889,120.88888888888889,0.5555555555555556,20.22222222222222,32.666666666666664,249.55555555555554,0.6666666666666666,24.555555555555557,36.333333333333336,63.0,23.88888888888889,4.944444444444445,45.85105820105821,W
2018,11,Thu,8:20PM ET,54,6,21.0,21.4,108.8,0.9,24.2,39.3,312.8,0.2,22.8,66.5,63.9,17.183333333333334,7.758333333333333,39.68333333333333,20.2,27.7,126.1,0.6,20.3,32.5,247.1,0.6,24.1,35.7,63.6,23.85,4.45,46.46595238095239,L
2018,12,Sun,8:20PM ET,70,0,20.363636363636363,21.181818181818183,106.36363636363636,0.9090909090909091,23.545454545454547,38.27272727272727,302.3636363636364,0.18181818181818182,23.09090909090909,62.27272727272727,62.72727272727273,17.712121212121215,8.143939393939393,40.25757575757576,20.363636363636363,27.818181818181817,122.9090909090909,0.5454545454545454,21.09090909090909,33.0,255.72727272727272,0.5454545454545454,23.454545454545453,37.45454545454545,64.0909090909091,21.681818181818183,4.954545454545454,46.40086580086581,L
2018,13,Sun,1:00PM ET,34,20,20.5,21.333333333333332,105.66666666666667,0.8333333333333334,24.166666666666668,39.25,296.5833333333333,0.16666666666666666,21.666666666666668,60.666666666666664,63.666666666666664,18.23611111111111,8.506944444444445,40.93849206349206,20.166666666666668,27.916666666666668,127.83333333333333,0.5,20.25,32.416666666666664,246.83333333333334,0.5,22.833333333333332,38.416666666666664,63.5,19.875,4.930555555555555,46.270238095238106,L
2018,14,Sun,1:00PM ET,25,10,20.692307692307693,21.615384615384617,108.15384615384616,0.7692307692307693,23.923076923076923,38.69230769230769,288.84615384615387,0.15384615384615385,22.615384615384617,58.84615384615385,63.46153846153846,18.833333333333336,7.852564102564102,41.03937728937729,20.307692307692307,27.615384615384617,126.23076923076923,0.5384615384615384,20.846153846153847,33.15384615384615,248.0,0.5384615384615384,23.0,43.23076923076923,63.84615384615385,20.023076923076925,5.628205128205128,46.557142857142864,W
2018,15,Sun,1:00PM ET,45,10,20.571428571428573,21.428571428571427,106.71428571428571,0.7142857142857143,24.0,38.92857142857143,287.7857142857143,0.21428571428571427,23.785714285714285,58.07142857142857,63.642857142857146,17.488095238095237,7.291666666666666,41.07942176870749,20.214285714285715,27.714285714285715,124.35714285714286,0.5714285714285714,20.785714285714285,32.785714285714285,247.07142857142858,0.5,21.571428571428573,41.857142857142854,63.42857142857143,20.37857142857143,7.119047619047619,46.39234693877552,L
2018,16,Sun,1:00PM ET,43,8,21.533333333333335,21.333333333333332,108.06666666666666,0.7333333333333333,24.866666666666667,40.0,298.06666666666666,0.2,24.133333333333333,59.93333333333333,64.66666666666667,18.011111111111113,6.805555555555555,40.85190476190476,20.4,27.2,119.2,0.5333333333333333,21.0,32.93333333333333,253.33333333333334,0.4666666666666667,21.333333333333332,50.53333333333333,63.0,21.642222222222223,7.044444444444443,46.23285714285715,W
2018,17,Sun,1:00PM ET,26,15,20.75,20.8125,104.1875,0.6875,24.5,40.0,289.3125,0.25,24.4375,58.5625,64.125,18.272916666666667,6.380208333333333,41.12901785714286,20.6875,27.875,119.875,0.5,21.0,32.9375,254.625,0.4375,20.125,49.5,63.5625,20.289583333333333,8.166666666666666,45.85892857142858,L
2019,2,Sun,1:00PM ET,72,5,16.5,27.5,95.5,1.0,20.0,32.0,206.0,0.0,27.5,53.0,63.0,0.0,0.5,47.59027777777778,15.5,21.0,122.0,1.0,20.0,38.5,229.0,1.5,13.5,103.5,62.5,0.0,7.625,43.3125,W
2019,3,Sun,1:00PM ET,69,7,16.333333333333332,26.0,89.33333333333333,0.6666666666666666,19.0,31.0,215.66666666666666,0.0,18.333333333333332,53.0,59.333333333333336,0.0,0.3333333333333333,49.39351851851851,17.0,26.666666666666668,131.0,1.3333333333333333,20.0,35.333333333333336,223.66666666666666,1.3333333333333333,26.333333333333332,78.0,66.0,20.0,6.083333333333333,45.31944444444445,W
2019,4,Thu,8:20PM ET,60,3,20.0,24.5,86.25,0.75,22.75,36.5,267.25,0.25,15.75,52.25,63.0,5.625,0.25,47.420138888888886,18.75,28.25,142.25,1.0,19.0,33.25,207.75,1.0,19.75,81.75,64.5,24.625,4.5625,44.427083333333336,L
2019,5,Sun,4:25PM ET,70,0,20.8,25.4,93.0,0.6,22.6,36.0,261.4,0.2,17.2,57.4,63.4,9.1,0.2,47.83611111111111,21.4,26.8,138.2,0.8,20.6,35.4,258.8,1.4,20.2,90.2,65.2,24.566666666666666,4.85,42.208333333333336,W
2019,6,Mon,8:15PM ET,43,5,21.0,26.0,105.83333333333333,0.8333333333333334,22.833333333333332,36.5,265.0,0.3333333333333333,15.333333333333334,55.833333333333336,64.33333333333333,10.25,-1.3333333333333333,48.47453703703703,20.0,25.666666666666668,124.5,0.6666666666666666,20.166666666666668,34.833333333333336,259.8333333333333,1.1666666666666667,20.5,83.5,63.5,25.055555555555554,4.041666666666667,42.923611111111114,W
2019,7,Sun,1:00PM ET,55,6,21.142857142857142,25.571428571428573,99.28571428571429,0.7142857142857143,23.142857142857142,35.714285714285715,288.42857142857144,0.2857142857142857,14.285714285714286,50.714285714285715,63.0,10.928571428571429,-1.1428571428571428,49.45436507936507,20.142857142857142,26.428571428571427,128.85714285714286,0.7142857142857143,20.714285714285715,34.285714285714285,269.7142857142857,1.1428571428571428,17.571428571428573,85.42857142857143,63.285714285714285,24.976190476190474,6.821428571428571,44.36309523809524,W
2019,8,Sun,8:20PM ET,54,5,21.125,25.625,101.625,0.625,23.125,35.375,290.5,0.25,18.625,47.5,63.125,11.5625,-1.0,47.6892361111111,20.25,25.625,123.75,0.75,21.125,34.5,269.375,1.0,17.625,78.5,62.625,24.822916666666664,8.21875,45.234375,W
2019,9,Sun,4:25PM ET,70,0,20.22222222222222,24.0,95.33333333333333,0.5555555555555556,23.11111111111111,35.333333333333336,276.1111111111111,0.2222222222222222,19.0,47.22222222222222,61.55555555555556,13.011111111111111,-0.8888888888888888,46.5682098765432,20.666666666666668,27.0,127.66666666666667,0.6666666666666666,21.11111111111111,33.77777777777778,272.1111111111111,0.8888888888888888,16.88888888888889,74.77777777777777,63.22222222222222,23.953703703703702,7.361111111111111,44.43055555555556,L
2019,10,Sun,4:25PM ET,70,0,20.5,24.3,102.1,0.5,22.5,34.7,271.8,0.2,17.9,48.9,61.2,11.709999999999999,-0.8,45.436388888888885,21.2,26.6,126.9,0.7,21.8,34.7,275.6,0.9,17.8,71.9,63.8,23.55833333333333,6.625,44.05416666666666,W
2019,12,Sun,8:20PM ET,63,7,20.363636363636363,24.636363636363637,103.45454545454545,0.5454545454545454,22.545454545454547,34.90909090909091,257.90909090909093,0.18181818181818182,19.727272727272727,49.0,62.0,12.463636363636363,-0.8636363636363636,44.68459595959595,20.727272727272727,26.181818181818183,125.54545454545455,0.6363636363636364,21.09090909090909,33.36363636363637,273.54545454545456,0.8181818181818182,18.545454545454547,72.45454545454545,62.09090909090909,21.416666666666664,6.446969696969697,44.185606060606055,L
2019,13,Sun,1:00PM ET,32,10,20.25,24.75,101.41666666666667,0.5,22.416666666666668,34.75,256.6666666666667,0.16666666666666666,18.083333333333332,49.416666666666664,61.75,13.424999999999999,-0.5416666666666666,44.84976851851851,20.666666666666668,26.25,123.0,0.5833333333333334,21.0,33.666666666666664,270.75,1.0,17.0,69.0,62.25,21.243055555555554,6.909722222222222,44.420138888888886,W
2019,14,Sun,1:00PM ET,37,10,20.076923076923077,25.0,107.0,0.5384615384615384,22.076923076923077,34.23076923076923,251.92307692307693,0.15384615384615385,18.846153846153847,48.23076923076923,61.61538461538461,12.392307692307693,0.4807692307692308,44.49594017094016,20.46153846153846,26.384615384615383,122.84615384615384,0.5384615384615384,20.615384615384617,33.15384615384615,263.0,1.0,17.923076923076923,65.61538461538461,62.0,21.070512820512818,6.83974358974359,44.38782051282051,W
2019,15,Sun,1:00PM ET,11,7,19.5,24.928571428571427,106.5,0.5,21.642857142857142,34.142857142857146,248.42857142857142,0.14285714285714285,18.285714285714285,46.92857142857143,61.357142857142854,14.042857142857143,1.3035714285714286,43.86867913832198,20.428571428571427,26.428571428571427,120.92857142857143,0.5714285714285714,21.214285714285715,34.57142857142857,268.07142857142856,1.0714285714285714,17.714285714285715,63.42857142857143,63.5,21.13690476190476,7.029761904761905,43.985119047619044,W
2019,16,Mon,8:15PM ET,70,0,19.666666666666668,25.4,111.66666666666667,0.6,21.933333333333334,34.53333333333333,246.26666666666668,0.2,18.2,45.13333333333333,62.266666666666666,13.106666666666666,1.65,44.064100529100514,19.533333333333335,25.733333333333334,116.66666666666667,0.5333333333333333,20.866666666666667,34.4,258.3333333333333,1.0666666666666667,19.2,61.2,62.8,19.727777777777774,8.094444444444445,44.19444444444444,W
2019,17,Sun,1:00PM ET,70,0,20.0,25.6875,112.1875,0.5625,22.25,35.8125,251.0625,0.25,17.75,48.375,63.75,13.678125,2.078125,44.072594246031734,19.375,25.6875,120.0625,0.5,20.375,34.125,251.0,1.0625,18.4375,60.5,62.375,18.494791666666664,8.276041666666668,44.26264880952381,W
2020,2,Sun,1:00PM ET,66,12,28.5,33.5,208.5,0.0,25.0,37.0,302.0,0.0,5.5,61.5,71.0,17.5,1.5,41.33333333333333,22.0,21.5,111.5,0.0,19.5,29.0,251.5,1.0,18.5,45.0,53.5,29.5,0.0,47.1,W
2020,3,Sun,8:20PM ET,70,0,27.0,31.0,171.66666666666666,0.0,23.666666666666668,35.333333333333336,295.6666666666667,0.0,7.666666666666667,44.333333333333336,67.0,16.666666666666668,1.0,40.22222222222222,21.666666666666668,21.0,115.0,0.3333333333333333,22.666666666666668,31.333333333333332,263.6666666666667,0.6666666666666666,16.666666666666668,57.666666666666664,55.0,28.333333333333332,4.666666666666667,44.17777777777778,W
2020,4,Mon,8:15PM ET,53,9,25.75,29.75,150.75,0.0,24.5,34.75,303.5,0.0,8.75,40.75,65.25,19.25,3.5,40.291666666666664,22.25,22.0,105.75,0.25,24.0,33.25,269.0,0.5,21.5,49.0,58.25,26.125,3.5,43.3,W
2020,6,Sun,4:25PM ET,88,12,23.2,28.0,139.4,0.0,22.8,34.8,274.8,0.4,17.6,47.8,64.4,15.4,2.8,41.51904761904761,22.0,24.6,116.2,0.2,22.6,32.2,248.4,0.4,17.2,39.2,59.2,24.9,4.3,42.32,L
2020,7,Sun,1:00PM ET,70,0,23.0,27.833333333333332,132.16666666666666,0.0,22.833333333333332,34.666666666666664,276.1666666666667,0.3333333333333333,14.666666666666666,46.5,63.833333333333336,15.833333333333334,3.3333333333333335,43.22420634920635,21.666666666666668,24.166666666666668,110.0,0.3333333333333333,23.666666666666668,33.333333333333336,258.5,0.3333333333333333,18.166666666666668,41.833333333333336,60.0,20.75,5.166666666666667,43.80833333333334,W
2020,8,Sun,1:00PM ET,34,23,23.142857142857142,27.285714285714285,128.85714285714286,0.14285714285714285,23.428571428571427,35.57142857142857,278.2857142857143,0.2857142857142857,12.571428571428571,52.0,64.14285714285714,17.357142857142858,4.142857142857143,42.47789115646258,21.428571428571427,25.571428571428573,119.0,0.2857142857142857,21.857142857142858,30.571428571428573,244.42857142857142,0.2857142857142857,16.857142857142858,41.0,58.42857142857143,20.142857142857142,4.428571428571429,42.93095238095238,L
2020,9,Thu,8:20PM ET,78,5,22.875,27.75,126.625,0.125,23.625,35.0,281.625,0.25,12.375,51.125,64.0,15.8125,3.625,43.58482142857142,20.875,24.5,111.0,0.375,21.875,31.125,250.25,0.375,15.875,40.0,57.75,20.4375,5.5,44.40833333333333,W
2020,10,Sun,1:00PM ET,38,23,22.11111111111111,27.444444444444443,121.44444444444444,0.2222222222222222,23.666666666666668,34.888888888888886,286.44444444444446,0.3333333333333333,12.11111111111111,49.333333333333336,63.55555555555556,14.777777777777779,4.0,43.519841269841265,20.333333333333332,24.333333333333332,110.77777777777777,0.3333333333333333,21.444444444444443,31.555555555555557,241.22222222222223,0.4444444444444444,16.11111111111111,45.111111111111114,58.111111111111114,19.88888888888889,9.074074074074073,44.56666666666666,W
2020,11,Sun,4:25PM ET,70,0,22.0,26.5,115.9,0.5,24.0,35.2,288.9,0.4,11.9,48.9,62.9,15.271428571428572,3.6,43.067857142857136,20.6,25.6,113.7,0.4,21.7,32.0,245.9,0.5,15.3,52.2,59.7,20.333333333333332,8.616666666666665,43.66,L
2020,12,Sun,8:20PM ET,37,13,22.545454545454547,27.636363636363637,121.9090909090909,0.45454545454545453,23.727272727272727,34.63636363636363,281.8181818181818,0.36363636363636365,10.818181818181818,46.0,63.36363636363637,14.61038961038961,3.272727272727273,43.33441558441558,21.09090909090909,24.727272727272727,114.36363636363636,0.45454545454545453,22.09090909090909,33.27272727272727,245.54545454545453,0.6363636363636364,15.090909090909092,51.54545454545455,60.18181818181818,20.166666666666664,7.833333333333332,43.69090909090909,W
2020,13,Sun,4:25PM ET,34,9,22.333333333333332,27.416666666666668,124.16666666666667,0.4166666666666667,23.833333333333332,34.583333333333336,282.9166666666667,0.3333333333333333,10.5,44.666666666666664,63.166666666666664,15.476190476190476,3.0,43.76488095238094,20.75,24.75,114.58333333333333,0.4166666666666667,21.166666666666668,32.75,240.75,0.6666666666666666,16.083333333333332,50.583333333333336,60.083333333333336,20.902777777777775,13.263888888888888,43.56666666666666,W
2020,14,Sun,4:25PM ET,70,0,22.615384615384617,27.692307692307693,123.84615384615384,0.38461538461538464,24.0,34.46153846153846,283.46153846153845,0.3076923076923077,9.692307692307692,46.46153846153846,63.23076923076923,15.824175824175825,2.923076923076923,44.28296703296702,21.23076923076923,24.0,109.6923076923077,0.38461538461538464,21.615384615384617,33.30769230769231,243.23076923076923,0.6153846153846154,17.23076923076923,49.0,60.0,22.94871794871795,12.243589743589743,43.651282051282045,W
2020,15,Sat,8:15PM ET,33,5,22.428571428571427,27.642857142857142,128.92857142857142,0.35714285714285715,23.714285714285715,34.07142857142857,273.42857142857144,0.2857142857142857,12.357142857142858,46.714285714285715,63.07142857142857,14.693877551020408,3.0714285714285716,44.39370748299319,21.142857142857142,24.214285714285715,110.07142857142857,0.42857142857142855,21.571428571428573,33.42857142857143,244.28571428571428,0.5714285714285714,16.642857142857142,50.214285714285715,60.357142857142854,23.023809523809522,11.845238095238093,43.80119047619047,W
2020,16,Sun,8:20PM ET,28,15,22.733333333333334,28.266666666666666,135.93333333333334,0.3333333333333333,23.533333333333335,33.46666666666667,270.6,0.3333333333333333,12.666666666666666,43.6,63.06666666666667,14.880952380952381,2.8666666666666667,41.43412698412698,20.733333333333334,24.4,113.13333333333334,0.4,20.866666666666667,32.93333333333333,236.06666666666666,0.6666666666666666,16.666666666666668,47.86666666666667,60.0,23.1,11.055555555555554,43.78111111111111,W
2020,17,Sun,4:25PM ET,32,7,22.375,27.6875,132.375,0.375,23.25,32.875,268.6875,0.3125,12.0625,42.75,61.875,15.185267857142858,3.125,41.563244047619044,20.75,24.8125,112.8125,0.4375,21.625,33.5,237.0625,0.6875,15.875,45.875,60.875,23.3125,10.364583333333332,44.35729166666666,W
2021,2,Mon,8:15PM ET,73,12,19.5,23.0,69.5,0.5,21.0,31.0,228.0,1.0,21.5,41.5,56.5,22.25,9.5,45.33333333333333,20.5,29.0,139.5,0.5,20.5,28.5,198.5,0.5,5.0,57.0,58.0,13.5,11.5,52.5,W
2021,3,Sun,8:20PM ET,69,15,20.0,23.666666666666668,79.66666666666667,0.3333333333333333,21.666666666666668,31.666666666666668,239.0,0.6666666666666666,17.0,56.666666666666664,57.333333333333336,21.833333333333332,8.333333333333334,48.444444444444436,22.333333333333332,26.333333333333332,115.33333333333333,0.6666666666666666,22.0,32.333333333333336,218.0,0.6666666666666666,12.0,66.66666666666667,60.333333333333336,20.555555555555554,11.5,52.75,W
2021,4,Sun,4:25PM ET,67,4,20.75,26.0,92.5,0.5,21.25,32.75,241.25,0.5,15.75,48.75,61.0,20.291666666666668,6.25,47.83333333333333,21.0,23.75,102.0,0.75,23.0,34.25,221.5,0.75,12.0,58.5,59.75,23.666666666666664,12.125,48.0625,W
2021,5,Sun,1:00PM ET,76,12,20.8,25.2,100.6,0.4,22.4,34.0,261.8,0.6,14.8,41.0,61.4,19.433333333333334,5.9,44.96666666666666,20.4,23.8,102.2,0.6,23.6,35.0,233.4,1.0,13.0,51.0,60.8,24.93333333333333,10.1,46.21,W
2021,6,Sun,1:00PM ET,59,6,21.0,26.166666666666668,109.5,0.3333333333333333,21.5,32.166666666666664,250.66666666666666,0.5,16.666666666666668,42.666666666666664,60.666666666666664,20.02777777777778,6.25,46.80555555555555,20.5,24.166666666666668,108.5,0.5,22.333333333333332,33.666666666666664,223.5,1.0,17.0,51.5,60.166666666666664,25.36111111111111,9.333333333333334,45.21666666666667,W
2021,7,Sun,1:00PM ET,49,11,20.714285714285715,24.571428571428573,102.0,0.42857142857142855,22.285714285714285,32.57142857142857,254.0,0.42857142857142855,18.142857142857142,41.714285714285715,59.57142857142857,17.166666666666668,5.357142857142857,46.738095238095234,21.142857142857142,24.857142857142858,120.85714285714286,0.5714285714285714,22.714285714285715,34.142857142857146,229.85714285714286,1.0,19.285714285714285,51.285714285714285,61.57142857142857,25.309523809523807,8.0,38.75714285714286,W
2021,8,Thu,8:20PM ET,70,0,21.125,25.75,108.125,0.375,22.25,33.125,245.25,0.375,15.875,44.0,61.125,16.645833333333336,5.4375,47.31249999999999,21.25,24.25,115.0,0.625,22.625,34.0,235.375,1.125,18.625,52.25,60.75,24.645833333333332,7.583333333333333,40.829166666666666,W
2021,9,Sun,4:25PM ET,51,12,20.88888888888889,25.666666666666668,109.66666666666667,0.4444444444444444,21.88888888888889,33.22222222222222,239.11111111111111,0.4444444444444444,15.333333333333334,41.22222222222222,61.0,16.574074074074076,5.388888888888889,48.08333333333333,20.444444444444443,24.333333333333332,110.77777777777777,0.5555555555555556,22.333333333333332,34.333333333333336,227.66666666666666,1.0,17.22222222222222,50.111111111111114,61.0,23.24074074074074,6.907407407407407,42.60740740740741,L
2021,10,Sun,4:25PM ET,35,11,21.0,26.3,109.3,0.4,22.0,33.6,244.4,0.5,14.3,41.4,61.9,18.116666666666667,5.575,47.94166666666666,19.9,23.5,107.2,0.5,22.1,34.9,221.0,1.1,18.3,49.0,60.8,23.55,6.216666666666667,42.913333333333334,W
2021,11,Sun,1:00PM ET,70,0,21.0,25.636363636363637,108.0,0.36363636363636365,22.09090909090909,33.54545454545455,257.1818181818182,0.45454545454545453,14.181818181818182,46.0,61.18181818181818,16.469696969696972,5.068181818181818,48.21969696969697,20.363636363636363,24.0,105.63636363636364,0.45454545454545453,22.272727272727273,34.90909090909091,231.9090909090909,1.0,18.727272727272727,46.81818181818182,61.27272727272727,22.772727272727273,6.378787878787878,42.8,L
2021,12,Sun,4:25PM ET,37,14,21.0,26.166666666666668,106.66666666666667,0.4166666666666667,22.583333333333332,34.5,261.3333333333333,0.4166666666666667,13.0,44.833333333333336,62.583333333333336,16.15277777777778,4.645833333333333,47.73472222222222,19.916666666666668,23.666666666666668,102.5,0.5833333333333334,22.166666666666668,35.25,237.75,1.0,18.583333333333332,45.416666666666664,61.25,22.59166666666667,6.9305555555555545,42.65,W
2021,14,Sun,8:20PM ET,36,8,21.46153846153846,26.0,107.61538461538461,0.38461538461538464,23.076923076923077,34.69230769230769,267.46153846153845,0.38461538461538464,13.615384615384615,43.69230769230769,62.69230769230769,15.641025641025642,5.365384615384615,47.35128205128205,19.615384615384617,23.615384615384617,105.15384615384616,0.6153846153846154,21.846153846153847,35.07692307692308,236.69230769230768,1.0769230769230769,18.23076923076923,45.07692307692308,61.0,22.823076923076925,9.756410256410255,42.926923076923075,W
2021,15,Sun,1:00PM ET,43,11,21.785714285714285,25.928571428571427,106.78571428571429,0.35714285714285715,23.071428571428573,34.42857142857143,267.5,0.35714285714285715,13.928571428571429,46.0,62.42857142857143,15.60952380952381,4.982142857142857,47.44523809523809,19.928571428571427,23.785714285714285,107.85714285714286,0.5714285714285714,22.285714285714285,35.42857142857143,235.14285714285714,1.0,17.214285714285715,45.857142857142854,61.42857142857143,23.067857142857147,9.059523809523808,42.86071428571428,W
2021,16,Sat,4:30PM ET,35,11,21.6,25.8,106.93333333333334,0.3333333333333333,23.133333333333333,34.4,263.1333333333333,0.3333333333333333,13.0,44.86666666666667,62.13333333333333,16.035555555555554,5.25,47.41555555555555,20.466666666666665,23.866666666666667,115.26666666666667,0.5333333333333333,22.2,35.46666666666667,234.26666666666668,1.2,18.266666666666666,45.333333333333336,61.733333333333334,22.913333333333338,9.033333333333331,42.47,W
2021,17,Sun,8:20PM ET,11,9,22.0625,26.1875,111.125,0.3125,23.625,34.875,265.875,0.3125,12.1875,42.375,62.875,16.09583333333333,5.609375,46.42083333333333,19.875,23.0625,109.75,0.5,22.3125,35.6875,231.75,1.125,18.0625,43.9375,61.125,23.27291666666667,8.468749999999998,42.89895833333333,W
2021,18,Sun,1:00PM ET,70,0,22.058823529411764,26.235294117647058,111.76470588235294,0.35294117647058826,23.647058823529413,34.88235294117647,266.2352941176471,0.4117647058823529,12.411764705882353,39.88235294117647,63.05882352941177,16.560784313725488,6.632352941176471,45.74901960784313,19.823529411764707,23.235294117647058,109.11764705882354,0.47058823529411764,22.294117647058822,35.470588235294116,236.52941176470588,1.0588235294117647,17.470588235294116,42.23529411764706,61.0,23.374509803921573,7.970588235294116,43.22843137254902,L
